5317.96
5342.93
5368.30
5397.72
5423.58
5444.27
5460.52
5473.03
5480.94
5481.80
5491.18
5506.87
5528.23
5564.79
5591.99
5614.06
5628.64
5640.76
5652.62
5674.71
5679.53
5678.29
5296.66
5317.16
5345.68
5369.25
5393.87
5416.36
5435.82
5451.99
5466.04
5473.21
5481.68
5500.09
5518.20
5544.78
5569.30
5591.04
5610.84
5632.33
5658.23
5675.61
5684.09
5685.14
5280.36
5290.65
5313.90
5335.69
5359.37
5383.52
5405.51
5426.07
5441.00
5452.14
5460.88
5470.10
5487.67
5511.85
5531.88
5552.31
5578.83
5607.77
5641.14
5666.54
5681.42
5686.95
5251.99
5266.83
5283.98
5306.65
5333.97
5360.76
5385.07
5399.94
5411.05
5423.49
5426.17
5433.15
5445.38
5463.77
5486.56
5504.25
5532.21
5568.29
5611.12
5645.87
5674.61
5691.05
5252.22
5248.18
5264.21
5287.34
5318.24
5348.07
5367.99
5380.81
5392.71
5396.58
5396.54
5397.34
5402.80
5415.97
5439.55
5454.40
5479.96
5521.71
5569.01
5618.51
5658.27
5649.51
5213.08
5228.89
5245.20
5270.80
5306.54
5340.69
5363.15
5374.70
5383.04
5386.79
5385.17
5384.23
5390.13
5401.50
5422.12
5429.72
5446.03
5480.92
5536.40
5585.99
5623.23
5628.95
5198.08
5215.77
5233.03
5260.82
5300.69
5339.60
5367.09
5381.28
5390.37
5394.67
5393.22
5394.16
5397.75
5405.45
5413.35
5417.32
5437.20
5460.89
5507.35
5570.73
5607.35
5629.60
5191.54
5211.46
5230.94
5263.24
5305.14
5343.99
5374.11
5395.27
5405.94
5410.43
5414.95
5420.44
5417.18
5420.63
5420.96
5422.73
5435.83
5458.55
5505.07
5550.82
5586.75
5609.87
5194.26
5213.61
5239.14
5277.45
5319.30
5355.12
5385.70
5409.26
5425.16
5432.31
5436.74
5438.97
5440.15
5433.73
5430.04
5431.67
5428.02
5447.80
5488.68
5537.89
5572.64
5595.91
5202.76
5221.16
5251.41
5292.30
5332.56
5367.59
5397.02
5426.84
5447.15
5457.25
5460.08
5459.84
5453.38
5442.28
5433.91
5425.58
5422.44
5434.55
5477.06
5517.85
5551.39
5575.96
5212.53
5228.71
5258.44
5299.72
5340.77
5376.60
5413.02
5449.76
5475.84
5482.90
5483.32
5480.12
5467.03
5454.14
5442.80
5443.10
5425.07
5422.82
5456.38
5501.76
5538.22
5549.73
5207.62
5233.29
5264.64
5306.46
5351.05
5394.23
5437.23
5473.21
5495.76
5510.08
5508.66
5505.97
5491.49
5481.05
5465.89
5465.78
5417.30
5418.41
5452.68
5496.88
5541.24
5581.86
5185.88
5221.72
5273.66
5320.60
5375.42
5422.13
5462.46
5493.71
5518.32
5536.00
5537.71
5539.87
5536.83
5519.78
5501.96
5467.47
5449.39
5444.11
5469.37
5519.45
5571.38
5619.11
5160.54
5204.17
5266.81
5352.64
5407.58
5447.41
5479.31
5512.46
5537.38
5556.98
5565.63
5571.04
5570.40
5565.36
5555.56
5525.92
5497.78
5491.23
5508.65
5555.68
5612.00
5643.23
5124.66
5194.33
5281.92
5386.36
5431.74
5463.05
5490.36
5525.04
5553.96
5581.03
5596.21
5601.19
5605.26
5600.70
5597.38
5585.82
5562.58
5553.29
5573.64
5617.71
5667.07
5704.48
5134.48
5198.34
5285.51
5385.57
5445.70
5472.20
5496.78
5532.58
5565.87
5599.63
5621.26
5633.54
5639.05
5645.97
5644.16
5635.51
5626.73
5632.96
5638.46
5676.31
5738.19
5766.35
5165.32
5246.13
5319.24
5395.47
5455.26
5486.44
5516.29
5549.64
5580.91
5614.38
5645.12
5660.28
5671.53
5682.63
5693.69
5688.22
5692.78
5697.21
5706.48
5751.88
5796.29
5821.41
5212.09
5293.83
5359.58
5433.65
5471.09
5509.51
5547.56
5571.71
5596.64
5625.00
5654.68
5681.70
5697.43
5713.74
5729.10
5741.68
5754.99
5755.40
5763.10
5771.50
5830.89
5853.98
5264.69
5342.93
5400.47
5449.88
5495.51
5537.53
5572.83
5596.78
5622.57
5649.41
5665.97
5698.03
5714.06
5734.82
5753.53
5767.06
5782.57
5800.33
5808.47
5825.80
5845.56
5863.85
5296.91
5367.75
5412.94
5477.04
5526.64
5565.61
5592.75
5621.61
5647.35
5671.68
5697.64
5717.46
5734.96
5756.44
5775.54
5797.02
5813.41
5825.04
5831.30
5835.25
5850.93
5864.84
5305.05
5376.91
5429.90
5509.03
5553.11
5584.66
5614.39
5641.84
5669.15
5695.90
5716.67
5736.61
5758.73
5778.72
5793.93
5816.66
5831.87
5843.80
5848.18
5848.53
5851.08
5868.86
5318.76
5389.92
5461.93
5524.58
5568.34
5609.44
5636.07
5665.18
5686.18
5710.41
5732.21
5754.65
5775.44
5794.86
5810.12
5829.93
5843.95
5856.24
5858.89
5857.34
5856.26
5869.34
5325.46
5408.56
5476.67
5543.43
5583.96
5625.97
5656.68
5679.28
5698.74
5722.77
5742.58
5767.23
5788.19
5808.55
5822.07
5837.50
5854.27
5865.09
5866.86
5866.14
5862.25
5857.97
5347.43
5435.01
5500.98
5561.18
5606.39
5638.05
5667.74
5689.75
5711.28
5732.84
5754.31
5774.83
5793.36
5812.28
5825.45
5842.79
5856.99
5868.41
5878.37
5876.59
5876.64
5875.95
5377.79
5462.00
5513.82
5559.34
5600.89
5636.89
5664.84
5692.12
5716.01
5739.72
5760.52
5779.20
5796.02
5813.33
5827.07
5844.45
5858.16
5870.47
5878.99
5876.07
5878.03
5869.40
5406.60
5471.23
5526.25
5559.52
5596.39
5629.94
5661.23
5683.62
5717.16
5742.84
5764.35
5782.27
5797.97
5815.31
5826.76
5841.62
5857.49
5870.81
5872.02
5873.51
5873.72
5873.65
5439.66
5491.26
5526.41
5562.52
5590.61
5622.73
5646.15
5675.45
5716.89
5745.06
5766.29
5782.67
5798.41
5819.73
5835.83
5851.66
5867.76
5878.64
5879.87
5879.14
5877.44
5875.94
5473.68
5511.09
5528.42
5559.94
5594.95
5626.71
5636.73
5667.29
5714.76
5744.11
5765.71
5782.66
5804.42
5825.05
5849.69
5865.87
5878.26
5887.48
5886.34
5883.11
5879.48
5876.66
