4.32
15.23
23.38
21.97
25.95
27.09
26.95
23.15
21.03
21.22
22.79
29.09
39.63
47.23
51.54
53.99
53.91
51.42
49.45
48.40
45.56
41.32
-3.36
7.86
8.98
8.01
10.90
11.18
11.30
9.05
7.73
7.79
11.51
16.53
24.50
37.21
41.99
46.33
45.75
45.87
47.22
49.64
50.86
49.43
-10.70
-5.43
-4.28
-6.74
-4.17
-2.92
-2.50
-2.35
-6.37
-4.48
-3.47
-0.79
4.53
16.53
22.02
25.73
28.16
32.88
37.67
46.08
53.00
55.17
-17.96
-14.21
-16.02
-18.24
-14.04
-11.74
-11.05
-10.75
-15.46
-15.63
-17.19
-18.55
-14.68
-4.80
-0.52
1.85
5.29
8.90
22.22
38.92
53.02
59.79
-23.88
-21.88
-22.83
-21.34
-17.31
-14.23
-12.35
-10.18
-15.41
-20.91
-26.96
-29.63
-27.69
-19.11
-13.88
-18.36
-13.05
-12.42
5.70
28.49
53.10
65.43
-27.59
-24.77
-26.67
-20.66
-15.98
-9.91
-8.03
-8.95
-14.89
-19.66
-25.72
-32.26
-29.32
-24.01
-22.64
-27.15
-27.98
-26.50
-6.77
27.98
52.85
68.57
-28.79
-26.47
-24.65
-17.23
-11.97
-7.33
-5.35
-6.05
-12.21
-15.63
-19.72
-23.59
-23.07
-19.36
-18.36
-20.06
-40.94
-32.13
-7.10
22.40
53.45
73.95
-23.34
-28.57
-22.98
-16.03
-10.54
-6.69
-4.77
-6.09
-9.70
-12.68
-14.68
-11.97
-11.41
-14.26
-15.04
-21.60
-33.19
-32.91
-13.07
16.43
46.27
76.19
-18.22
-20.96
-19.87
-15.46
-12.52
-7.00
-5.51
-7.85
-9.24
-10.28
-11.64
-7.12
-5.91
-8.23
-11.29
-17.28
-33.64
-31.25
-16.49
9.46
35.10
71.97
-14.89
-9.48
-17.09
-14.49
-10.94
-8.03
-5.34
-6.85
-7.04
-8.35
-7.88
-9.04
-12.10
-14.18
-20.95
-28.39
-39.09
-37.36
-22.93
0.39
25.29
68.79
-16.62
-9.84
-7.45
-6.35
-10.34
-8.73
-6.38
-5.19
-3.84
-4.49
-3.36
-5.37
-10.13
-15.84
-23.55
-38.42
-51.54
-52.76
-38.87
-15.79
11.55
61.10
-27.19
-17.69
-12.74
-7.66
-11.01
-10.95
-7.76
-4.53
-0.59
0.91
5.10
2.53
-2.05
-10.59
-23.57
-45.77
-65.19
-68.29
-60.94
-34.01
-6.38
34.26
-44.31
-39.35
-25.40
-16.23
-14.08
-12.68
-9.78
-2.26
2.15
5.90
12.47
9.40
3.79
-3.42
-18.51
-42.73
-65.43
-74.86
-68.40
-46.62
-24.72
-4.22
-68.40
-47.69
-30.76
-28.48
-18.63
-14.62
-11.94
-4.55
3.10
8.01
9.80
13.53
9.61
1.78
-10.16
-33.35
-53.90
-70.11
-65.98
-48.14
-23.50
-1.53
-82.54
-58.86
-37.03
-31.95
-23.76
-16.72
-17.09
-11.35
-3.64
3.92
8.57
7.52
6.10
4.59
-1.69
-19.39
-40.41
-53.32
-51.69
-31.84
-11.60
10.79
-86.36
-60.91
-34.52
-30.91
-24.34
-21.34
-25.49
-23.78
-13.42
-2.72
4.29
7.56
6.96
5.83
-0.16
-6.41
-20.22
-29.42
-22.60
-8.57
11.03
31.67
-71.23
-41.92
-20.32
-14.88
-18.56
-24.17
-31.62
-32.57
-24.40
-11.24
-1.43
8.50
8.61
11.08
9.08
1.57
-3.96
-7.32
0.87
13.27
32.02
50.61
-50.26
-19.47
-2.25
-3.52
-12.33
-26.28
-34.16
-34.66
-27.56
-13.42
-2.66
6.43
9.55
12.38
13.55
13.39
13.10
11.85
19.38
31.20
46.98
62.46
-32.74
-1.91
8.71
0.97
-18.72
-27.39
-30.57
-30.70
-23.82
-13.05
-1.86
8.58
9.17
11.69
13.47
20.82
25.06
28.88
31.95
40.21
54.09
65.81
-27.52
2.60
11.09
-14.83
-23.40
-27.92
-27.74
-24.24
-15.77
-4.96
4.38
10.25
8.73
10.30
14.55
20.55
28.57
36.80
37.22
41.85
48.11
60.51
-34.80
-1.44
-22.03
-22.17
-24.79
-25.29
-22.85
-16.25
-7.57
1.56
9.01
10.57
11.56
9.67
14.05
22.17
28.99
34.17
35.03
33.07
39.87
48.86
-56.92
-23.47
-31.32
-23.37
-17.90
-16.51
-11.02
-7.93
-1.49
4.79
10.96
13.22
13.84
8.79
12.26
21.08
27.50
32.73
33.47
31.58
30.77
32.28
-70.96
-46.59
-30.35
-23.01
-10.84
-5.37
1.19
1.82
3.30
7.13
12.55
13.50
13.27
9.23
9.72
15.99
22.40
28.54
31.05
28.98
21.89
24.09
-77.71
-46.71
-30.60
-15.04
-3.14
2.58
9.19
11.28
6.85
9.08
13.07
13.13
10.66
6.31
6.67
9.96
16.34
20.52
25.08
17.03
12.56
6.13
-70.97
-38.36
-23.55
-11.87
-0.82
5.22
12.16
12.87
8.44
10.13
11.58
11.52
8.55
3.00
2.41
4.04
8.97
13.09
14.95
10.17
5.90
2.52
-45.32
-29.08
-16.21
-8.75
-5.85
2.28
8.84
9.96
5.23
10.15
10.42
9.38
6.02
-0.82
-2.16
2.15
6.30
8.69
10.18
7.64
3.59
-1.19
-23.73
-10.36
-1.94
2.07
-7.37
-0.66
4.35
6.59
0.96
3.75
7.93
6.56
0.94
-1.71
-3.39
3.37
6.50
8.36
7.99
5.29
1.27
-2.67
1.94
9.77
14.49
12.90
-14.86
-14.73
-13.32
-11.98
-13.60
-12.25
-4.99
4.44
4.91
-2.49
3.52
5.85
9.51
10.80
9.73
6.65
2.36
-1.78
