5328.27
5344.77
5376.86
5405.95
5425.07
5450.52
5463.83
5470.66
5477.13
5480.00
5484.64
5501.99
5526.65
5552.33
5580.51
5602.56
5627.76
5633.19
5645.68
5654.22
5647.23
5650.30
5298.11
5320.48
5334.49
5371.55
5398.81
5414.09
5432.26
5460.56
5468.77
5471.36
5478.91
5494.85
5518.44
5542.40
5569.15
5586.09
5609.95
5629.82
5646.48
5645.16
5653.74
5656.14
5266.65
5284.66
5310.86
5326.79
5351.73
5380.73
5408.35
5434.04
5453.41
5458.92
5465.68
5479.32
5500.61
5512.87
5525.91
5552.24
5580.11
5617.39
5628.00
5647.91
5657.71
5660.29
5255.08
5269.17
5285.66
5307.99
5333.88
5362.78
5383.28
5392.74
5415.02
5422.66
5429.27
5429.56
5448.38
5448.85
5477.58
5510.50
5541.83
5551.19
5619.95
5643.63
5655.89
5659.54
5236.86
5252.05
5263.84
5285.25
5321.75
5350.95
5370.43
5380.96
5388.90
5392.79
5392.44
5393.24
5397.29
5407.05
5441.15
5464.24
5475.63
5514.11
5571.08
5629.47
5644.28
5649.35
5221.06
5232.81
5244.32
5267.46
5307.69
5344.93
5365.67
5374.94
5379.88
5386.32
5391.35
5383.08
5385.32
5393.18
5409.61
5435.61
5442.97
5473.29
5534.70
5583.54
5622.72
5628.43
5197.59
5219.86
5232.33
5261.04
5300.90
5339.42
5366.76
5382.92
5387.71
5394.03
5398.36
5391.65
5400.97
5409.49
5416.38
5430.34
5433.64
5461.32
5491.07
5573.54
5589.16
5596.59
5198.27
5210.66
5232.00
5263.26
5305.30
5348.25
5375.30
5395.66
5405.69
5412.11
5416.04
5420.17
5426.03
5428.00
5427.93
5433.98
5436.01
5457.88
5504.33
5564.69
5579.46
5586.52
5197.31
5212.65
5239.78
5277.95
5317.17
5358.46
5386.92
5409.95
5424.45
5431.89
5436.04
5438.41
5439.60
5437.97
5430.35
5431.65
5434.54
5440.59
5503.71
5556.54
5571.25
5578.87
5207.37
5227.29
5261.98
5299.74
5336.91
5367.76
5396.55
5426.08
5448.24
5457.85
5461.09
5461.40
5456.22
5442.74
5434.66
5434.42
5422.48
5429.51
5464.49
5529.33
5545.25
5556.74
5211.67
5231.48
5263.60
5302.09
5342.15
5377.87
5412.59
5447.30
5474.51
5483.34
5484.12
5480.74
5474.54
5452.78
5446.67
5444.56
5424.66
5418.10
5462.52
5500.20
5533.03
5550.47
5216.47
5235.90
5265.11
5306.26
5353.59
5394.32
5435.97
5477.83
5501.86
5510.76
5505.42
5499.15
5493.18
5474.32
5456.48
5464.31
5407.93
5416.19
5477.37
5503.55
5531.24
5560.76
5219.04
5241.48
5274.27
5324.74
5377.87
5422.26
5461.72
5497.44
5527.07
5536.58
5539.88
5532.30
5535.81
5521.30
5491.08
5473.36
5444.24
5435.36
5463.81
5519.93
5554.34
5616.02
5162.71
5203.67
5291.29
5352.83
5409.32
5447.97
5480.21
5509.21
5538.81
5562.58
5569.06
5566.77
5570.36
5566.26
5553.88
5523.59
5494.08
5478.42
5505.80
5560.86
5629.01
5657.17
5134.26
5189.46
5317.15
5385.57
5432.05
5462.67
5492.10
5522.75
5555.69
5585.71
5593.23
5598.32
5601.48
5607.73
5607.44
5584.49
5579.78
5585.62
5580.86
5616.39
5671.14
5696.72
5121.19
5197.73
5298.08
5408.61
5446.53
5473.09
5506.08
5541.38
5580.65
5598.94
5626.86
5631.52
5636.76
5645.01
5648.45
5623.66
5626.90
5632.76
5648.74
5676.27
5712.80
5734.82
5161.98
5233.51
5320.08
5419.09
5457.13
5492.04
5529.95
5554.48
5585.35
5609.89
5650.72
5662.98
5672.06
5683.13
5694.02
5686.06
5672.90
5697.81
5705.56
5749.56
5809.98
5829.87
5218.66
5329.13
5384.97
5434.31
5475.15
5514.05
5545.27
5575.21
5596.46
5625.55
5670.49
5684.09
5693.39
5714.54
5730.40
5740.32
5749.36
5767.83
5777.04
5792.90
5835.08
5850.25
5278.71
5352.26
5402.86
5454.01
5498.54
5542.38
5569.11
5597.32
5628.67
5643.76
5680.87
5694.99
5710.50
5736.84
5752.61
5768.39
5777.70
5795.29
5807.57
5816.83
5841.52
5857.64
5309.60
5376.30
5428.36
5472.93
5528.00
5562.04
5593.85
5622.71
5650.30
5678.94
5699.42
5714.60
5733.56
5757.95
5773.46
5797.28
5813.10
5825.28
5831.15
5835.02
5845.77
5853.76
5320.46
5371.50
5451.95
5505.48
5555.15
5584.66
5618.76
5639.09
5670.89
5696.14
5716.71
5738.47
5759.61
5778.74
5793.75
5819.08
5836.06
5843.56
5847.50
5848.98
5846.70
5842.49
5326.57
5374.52
5454.74
5528.81
5573.07
5610.68
5646.74
5662.30
5692.74
5709.49
5731.42
5753.52
5775.70
5795.89
5809.09
5819.41
5850.40
5856.91
5858.90
5859.51
5855.69
5849.21
5336.56
5406.91
5484.33
5550.76
5581.86
5625.58
5657.37
5674.21
5701.47
5719.85
5741.28
5765.10
5788.51
5804.15
5820.52
5831.17
5847.27
5865.05
5869.13
5869.07
5865.40
5859.45
5366.66
5437.21
5513.42
5556.69
5602.32
5645.52
5671.12
5687.32
5713.15
5734.88
5754.25
5774.93
5797.20
5807.82
5826.84
5846.03
5857.89
5863.03
5865.36
5876.37
5876.60
5875.32
5347.22
5475.56
5519.78
5557.92
5596.26
5646.29
5668.76
5688.82
5715.79
5738.77
5761.39
5781.21
5796.02
5809.72
5826.27
5836.91
5857.46
5867.90
5871.71
5871.63
5874.12
5876.25
5407.36
5492.54
5521.42
5556.13
5599.81
5634.37
5658.77
5688.26
5717.00
5743.00
5764.12
5783.93
5797.69
5813.27
5829.25
5842.17
5856.10
5867.67
5874.05
5877.47
5879.83
5880.79
5442.20
5499.41
5526.55
5554.68
5592.04
5627.62
5654.69
5686.32
5717.55
5746.18
5767.92
5785.43
5801.43
5819.17
5834.31
5848.75
5864.27
5878.68
5878.82
5881.56
5882.63
5882.69
5474.64
5502.81
5523.64
5549.83
5584.77
5619.87
5649.34
5679.87
5715.11
5746.04
5769.05
5787.38
5804.24
5824.55
5841.77
5870.93
5882.05
5888.21
5882.37
5883.83
5884.08
5883.63
