10.08
9.84
23.83
30.91
27.79
33.52
29.07
20.71
15.76
9.79
5.35
11.60
22.65
31.36
39.44
41.82
50.37
40.24
36.41
30.84
15.13
13.94
-6.86
-2.17
-5.87
10.26
15.07
9.08
7.59
18.59
13.57
6.59
5.41
11.41
23.16
32.49
41.46
39.34
44.07
43.47
39.58
22.82
22.65
20.75
-24.12
-21.95
-11.86
-15.93
-14.19
-7.96
-1.23
5.68
10.49
6.20
5.05
10.29
21.84
21.99
19.54
27.10
32.57
43.52
28.81
30.85
30.48
27.81
-23.67
-21.58
-19.03
-16.23
-14.48
-8.94
-8.62
-17.07
-8.99
-10.57
-10.77
-17.36
-6.55
-16.36
-1.59
12.46
18.31
-3.69
35.35
37.71
37.14
33.78
-28.60
-21.92
-22.52
-21.38
-11.31
-6.79
-6.49
-12.01
-16.93
-21.31
-27.36
-32.25
-35.10
-34.40
-12.87
-8.09
-23.20
-17.72
7.58
41.92
41.18
37.36
-27.85
-24.07
-24.72
-23.45
-13.49
-4.31
-4.04
-11.00
-18.61
-19.70
-19.27
-32.01
-35.36
-34.71
-28.50
-18.67
-36.20
-37.02
-5.83
18.95
41.67
37.66
-36.91
-24.50
-25.14
-20.22
-14.39
-8.02
-4.56
-7.09
-15.58
-16.48
-16.10
-26.11
-20.37
-16.23
-16.19
-14.92
-33.37
-34.08
-32.13
27.93
27.94
25.82
-28.86
-28.57
-23.51
-19.62
-14.16
-5.12
-5.05
-6.28
-10.41
-11.43
-11.57
-9.85
-5.08
-4.00
-6.96
-9.16
-24.74
-28.79
-8.87
30.18
30.19
27.90
-29.49
-28.65
-23.95
-18.92
-16.19
-6.24
-5.90
-7.62
-9.14
-10.10
-10.28
-9.08
-6.14
-5.09
-11.62
-13.70
-22.95
-39.25
-1.63
30.12
30.13
27.84
-23.05
-19.31
-11.39
-10.23
-8.43
-7.00
-8.52
-8.91
-6.19
-5.84
-6.00
-4.63
-5.25
-13.15
-17.06
-16.54
-34.76
-44.56
-32.63
11.18
11.43
10.78
-22.92
-19.13
-13.14
-11.83
-9.78
-7.41
-8.25
-8.56
-2.80
-2.34
-2.79
-2.86
-2.71
-17.43
-17.90
-16.98
-38.87
-56.50
-31.53
-14.97
-0.46
-0.18
-21.00
-17.45
-13.99
-12.62
-10.47
-10.98
-9.33
-2.37
2.06
4.49
-0.61
-2.97
-2.82
-15.12
-27.63
-16.56
-73.16
-72.25
-28.04
-24.83
-20.98
-16.01
-17.74
-14.66
-13.75
-12.43
-13.21
-13.66
-11.49
-5.43
6.91
9.71
11.89
5.93
12.77
2.39
-24.16
-39.48
-68.41
-82.75
-70.33
-40.15
-35.09
-2.19
-66.27
-55.43
-16.52
-17.70
-15.61
-15.12
-13.30
-10.54
0.13
12.84
13.17
7.45
9.88
6.71
-3.67
-32.11
-61.26
-81.42
-69.02
-40.51
-2.93
-2.83
-86.54
-74.41
-15.65
-17.03
-16.56
-16.10
-14.21
-11.33
-2.24
10.24
5.41
2.17
0.68
5.30
5.11
-17.43
-23.16
-22.50
-41.09
-29.86
-3.41
-3.31
-105.65
-79.52
-54.47
-10.67
-13.02
-15.82
-14.02
-11.23
-0.04
-3.25
9.00
3.09
1.68
5.42
5.22
-23.05
-24.23
-25.63
-22.66
-15.85
-3.63
-3.54
-84.44
-66.16
-48.17
-7.54
-9.69
-11.15
-12.76
-24.05
-20.46
-16.49
8.68
9.41
9.40
11.70
13.75
-2.42
-23.40
-7.27
-11.34
16.02
57.15
59.68
-52.97
5.49
1.93
-1.66
-5.92
-13.76
-27.80
-30.95
-31.95
-20.26
9.88
10.66
7.35
14.83
17.36
15.99
15.56
25.03
24.21
27.68
55.87
58.34
-17.98
7.19
3.53
-0.26
-9.12
-17.12
-32.31
-31.19
-18.00
-18.20
4.49
4.07
3.33
12.18
12.42
16.10
15.67
24.66
28.70
29.42
45.09
52.68
-12.41
8.32
4.84
-12.71
-15.32
-27.81
-29.33
-22.94
-12.12
1.66
7.38
6.16
5.87
10.74
10.59
22.84
29.34
33.56
32.79
31.20
37.22
40.58
-30.58
-26.85
-6.35
-17.83
-20.61
-27.74
-20.06
-20.23
-5.58
4.16
9.13
12.70
12.22
10.77
10.60
25.22
33.72
34.28
33.13
31.44
27.60
22.41
-53.75
-56.65
-36.97
-22.36
-22.35
-14.96
-2.36
-7.42
4.54
4.63
10.03
12.75
11.92
10.69
8.65
8.62
31.80
32.38
30.54
29.42
25.76
20.86
-67.78
-50.64
-29.96
-14.86
-22.16
-6.05
2.74
-2.38
4.31
4.39
8.44
12.70
13.17
7.07
7.67
7.68
15.96
27.87
28.09
26.13
22.33
18.04
-57.40
-40.09
-15.21
-15.93
-4.46
12.43
14.72
7.17
9.73
11.06
12.20
13.78
14.25
3.46
6.13
14.11
17.67
16.09
12.99
19.84
17.12
14.06
-94.07
-15.94
-17.29
-17.49
-10.26
14.31
13.08
7.62
8.46
8.72
12.26
13.54
7.84
0.70
0.41
-0.94
10.46
13.12
10.21
4.69
3.16
2.57
-48.46
-6.87
-17.86
-18.05
-4.17
5.00
5.11
7.45
7.38
8.40
9.65
11.41
5.66
0.68
-0.96
-1.22
2.50
5.77
5.69
4.58
4.06
3.31
-25.00
-1.98
-8.79
-13.94
-7.04
2.05
3.82
6.74
6.68
8.25
9.45
9.36
6.36
2.98
-1.14
-1.39
3.47
10.38
5.61
5.41
4.80
3.93
-0.94
2.95
-3.53
-9.23
-6.89
-0.59
2.50
3.72
5.99
7.47
8.55
9.05
6.44
3.44
-1.20
12.59
14.29
14.99
6.10
5.89
5.24
4.30
