5322.51
5350.17
5376.41
5397.01
5423.23
5444.09
5461.71
5473.10
5482.41
5491.43
5502.09
5519.49
5543.63
5568.20
5592.60
5614.72
5631.30
5644.37
5658.73
5671.79
5677.66
5677.68
5301.61
5330.50
5349.34
5369.30
5394.64
5416.18
5435.97
5451.02
5462.93
5472.57
5485.01
5499.97
5519.78
5547.12
5569.67
5593.08
5611.63
5632.22
5654.12
5671.98
5681.95
5684.82
5280.07
5301.17
5318.44
5335.97
5361.76
5385.77
5407.08
5426.01
5436.55
5448.24
5457.15
5468.23
5483.30
5507.41
5528.39
5550.87
5575.70
5606.75
5636.86
5663.14
5680.22
5687.66
5260.79
5276.54
5288.67
5305.98
5334.32
5359.97
5380.85
5399.07
5408.55
5417.60
5422.85
5428.37
5440.24
5460.41
5478.65
5499.89
5528.82
5563.78
5606.81
5644.84
5671.77
5685.56
5241.59
5252.08
5263.53
5285.28
5315.75
5343.51
5364.57
5382.78
5390.42
5393.19
5392.84
5395.86
5404.70
5422.33
5440.15
5453.97
5485.79
5519.41
5569.20
5616.04
5656.21
5677.43
5221.32
5232.12
5242.37
5270.25
5305.20
5339.33
5361.68
5377.00
5383.60
5386.36
5384.91
5382.83
5391.35
5403.89
5415.48
5427.13
5451.18
5483.81
5533.76
5592.58
5633.90
5659.34
5205.71
5217.89
5232.83
5264.03
5303.33
5340.11
5365.97
5383.96
5391.07
5394.88
5394.74
5394.17
5398.27
5406.36
5414.21
5425.20
5426.07
5463.26
5516.10
5568.00
5614.67
5644.72
5203.78
5210.65
5232.53
5266.86
5308.91
5346.69
5375.58
5395.84
5406.39
5410.86
5412.93
5418.05
5419.70
5417.73
5419.84
5421.54
5427.56
5453.75
5500.13
5550.94
5595.54
5634.82
5208.57
5220.34
5243.86
5281.41
5320.84
5357.70
5387.31
5409.72
5424.35
5431.71
5434.67
5440.37
5439.84
5434.83
5430.69
5428.06
5423.85
5448.59
5488.85
5535.89
5576.22
5623.00
5215.53
5237.12
5256.27
5295.48
5334.40
5366.72
5399.73
5428.14
5447.39
5455.33
5459.20
5456.99
5449.37
5441.71
5430.78
5422.57
5418.15
5436.71
5474.19
5518.54
5559.11
5614.74
5217.96
5240.76
5269.29
5307.57
5341.59
5376.55
5414.45
5450.67
5473.47
5481.19
5483.56
5478.23
5467.12
5454.37
5441.02
5423.12
5411.99
5421.84
5455.18
5499.38
5545.03
5611.75
5210.29
5235.67
5266.37
5311.22
5353.05
5394.36
5437.54
5475.68
5499.21
5507.19
5511.14
5504.65
5493.94
5478.85
5460.55
5435.11
5415.90
5420.14
5444.47
5494.37
5545.85
5611.04
5192.47
5216.79
5262.63
5320.95
5377.01
5423.24
5463.42
5500.60
5522.31
5532.77
5540.46
5535.77
5526.83
5515.50
5496.73
5470.11
5447.22
5443.25
5465.74
5513.45
5564.70
5613.99
5160.59
5211.41
5277.05
5342.06
5406.30
5448.48
5481.57
5515.21
5541.79
5557.76
5565.68
5572.86
5570.09
5561.32
5547.39
5522.34
5501.44
5489.73
5508.85
5553.22
5608.44
5658.48
5138.27
5205.01
5295.77
5370.65
5424.85
5462.04
5489.23
5522.73
5554.28
5579.39
5596.40
5603.68
5606.90
5607.02
5600.64
5582.54
5562.53
5554.80
5570.26
5614.40
5662.95
5710.82
5140.49
5216.34
5318.03
5388.36
5435.21
5467.58
5494.61
5528.83
5567.26
5599.47
5622.15
5636.00
5642.04
5645.42
5643.07
5640.29
5630.91
5628.97
5648.80
5683.55
5727.46
5770.03
5175.19
5257.75
5347.94
5411.76
5448.26
5479.03
5511.09
5545.96
5581.41
5615.14
5640.62
5662.08
5671.28
5682.51
5689.36
5690.05
5692.34
5697.76
5717.78
5746.80
5784.85
5820.80
5221.36
5304.18
5380.79
5432.44
5468.74
5501.52
5538.91
5571.50
5600.86
5632.40
5657.95
5679.85
5695.60
5712.09
5726.59
5737.72
5746.91
5754.65
5772.21
5796.42
5826.19
5854.36
5263.95
5343.16
5408.04
5455.24
5488.94
5532.11
5570.85
5597.81
5622.85
5648.90
5674.53
5699.50
5716.35
5736.36
5753.66
5773.12
5787.10
5799.52
5810.82
5827.62
5850.53
5870.77
5294.49
5370.58
5434.61
5470.81
5519.93
5561.93
5595.45
5621.41
5646.65
5672.32
5696.42
5718.69
5736.42
5757.51
5777.42
5794.98
5812.33
5828.52
5835.58
5845.68
5856.67
5873.68
5316.24
5396.92
5436.27
5501.13
5550.97
5587.11
5615.97
5643.07
5668.90
5693.53
5716.59
5736.34
5758.94
5777.64
5797.20
5816.03
5831.34
5843.45
5849.40
5850.60
5858.98
5868.94
5323.40
5407.71
5460.40
5527.80
5577.53
5609.12
5638.08
5661.79
5686.70
5709.65
5732.35
5753.99
5777.62
5793.99
5812.70
5831.87
5846.10
5857.25
5861.83
5861.67
5860.70
5860.63
5333.37
5410.97
5483.94
5542.61
5593.18
5626.27
5655.83
5678.41
5700.47
5722.59
5745.40
5765.90
5788.60
5806.30
5822.57
5839.49
5853.71
5865.72
5872.10
5871.93
5864.96
5865.51
5346.34
5430.59
5498.03
5557.58
5603.64
5635.67
5665.59
5691.44
5710.27
5732.90
5755.12
5774.28
5793.60
5810.67
5827.38
5841.88
5856.57
5867.46
5877.45
5873.56
5872.04
5867.39
5370.32
5453.14
5513.52
5563.53
5605.70
5637.20
5667.85
5694.08
5715.77
5740.18
5760.72
5779.19
5796.73
5812.03
5828.26
5841.90
5855.98
5867.87
5876.45
5877.11
5876.86
5876.20
5410.50
5470.33
5523.07
5565.43
5598.13
5631.65
5662.50
5690.77
5714.84
5744.75
5764.89
5781.89
5798.05
5811.77
5828.05
5845.54
5859.90
5870.59
5878.55
5880.54
5879.35
5876.29
5443.46
5491.03
5533.41
5570.69
5591.71
5624.90
5655.22
5686.17
5711.82
5741.69
5766.40
5782.63
5796.00
5814.48
5832.06
5853.51
5867.30
5876.66
5881.19
5881.44
5879.10
5876.09
5477.52
5509.64
5541.66
5571.96
5576.81
5605.74
5633.51
5664.17
5695.52
5726.31
5755.51
5782.77
5802.71
5818.62
5846.48
5864.19
5877.27
5884.02
5886.00
5884.59
5881.20
5877.55
