-0.22
8.00
15.27
22.68
26.30
27.27
25.76
23.09
19.57
11.59
11.88
16.48
24.23
43.82
50.93
53.32
51.25
47.81
43.35
51.32
47.43
41.93
-8.31
-5.48
5.32
7.96
10.13
11.35
11.16
10.02
10.83
8.44
8.18
16.65
22.93
34.87
41.62
44.29
44.96
45.98
51.33
53.27
53.00
49.75
-10.41
-15.95
-8.82
-7.02
-6.55
-5.17
-4.06
-2.29
-1.92
-0.59
0.25
1.07
8.91
20.97
25.51
27.17
31.29
33.89
41.96
49.48
54.19
54.46
-26.76
-23.92
-20.70
-17.57
-14.38
-10.95
-6.82
-9.88
-12.96
-9.74
-13.87
-13.77
-9.55
-1.44
7.40
6.21
8.68
13.41
26.52
39.94
55.86
65.29
-13.25
-25.78
-22.15
-19.28
-14.82
-9.67
-8.93
-12.16
-13.12
-17.52
-23.27
-28.15
-29.59
-25.48
-14.47
-17.92
-18.88
-10.12
5.50
30.96
55.17
37.52
-35.84
-27.99
-23.83
-20.11
-14.64
-8.55
-6.55
-11.24
-15.45
-19.23
-25.46
-30.86
-30.54
-26.39
-16.00
-24.56
-33.13
-29.39
-4.13
21.39
42.18
38.19
-36.41
-28.59
-24.44
-20.44
-14.61
-7.84
-4.23
-8.74
-12.92
-15.83
-21.25
-23.61
-23.59
-20.27
-19.22
-27.94
-29.80
-34.51
-15.85
25.13
46.13
58.83
-35.59
-27.76
-24.56
-19.64
-14.31
-9.39
-6.24
-6.67
-10.15
-13.11
-12.66
-9.58
-13.93
-11.37
-13.93
-20.41
-24.92
-28.12
-8.13
16.30
37.48
51.25
-32.53
-27.69
-24.59
-19.42
-14.06
-9.58
-7.13
-8.31
-8.43
-9.67
-9.58
-8.52
-5.60
-9.33
-11.94
-13.68
-29.47
-32.04
-16.66
11.47
31.53
44.88
-27.66
-25.44
-21.95
-17.67
-12.78
-7.17
-8.05
-8.15
-7.28
-6.44
-7.00
-6.19
-8.09
-13.61
-17.82
-25.38
-34.81
-39.52
-20.07
-0.30
17.57
30.01
-22.06
-21.90
-18.30
-14.20
-11.16
-8.68
-7.81
-6.10
-1.47
-2.78
-3.60
-3.48
-10.21
-16.08
-21.77
-18.44
-38.47
-51.78
-37.68
-13.41
4.74
-0.93
-29.86
-20.07
-14.47
-12.42
-13.01
-11.07
-8.07
-7.00
-4.04
3.81
2.62
3.85
-4.50
-8.39
-18.22
-15.10
-63.79
-70.03
-52.73
-31.50
-10.98
5.09
-50.90
-34.43
-14.37
-16.58
-15.66
-13.79
-10.74
-9.15
-1.84
9.13
9.72
13.49
13.79
0.87
-13.28
-45.37
-63.26
-74.00
-64.77
-40.63
-18.05
0.90
-68.45
-54.93
-40.99
-17.90
-17.35
-15.68
-14.21
-7.30
-1.30
7.23
9.74
11.72
9.92
5.81
-1.99
-29.77
-57.57
-68.61
-66.17
-45.68
-19.94
-16.77
-96.14
-69.54
-50.88
-16.24
-16.87
-15.72
-15.95
-9.05
-3.96
5.56
8.39
5.04
4.47
-1.73
-4.96
-16.11
-40.36
-54.83
-48.31
-28.53
-7.48
4.45
-92.36
-78.91
-67.04
-33.70
-13.85
-16.71
-23.32
-20.04
-14.81
-2.56
3.40
5.10
3.97
6.38
0.93
-11.20
-24.40
-25.43
-32.93
-15.81
21.76
28.00
-81.09
-53.54
-49.01
-31.16
-11.57
-16.75
-26.42
-28.88
-24.90
-12.01
3.07
6.71
8.86
11.20
13.41
-0.27
-3.52
-7.87
-10.42
18.35
43.46
51.23
-59.54
-29.81
-23.46
-2.31
-9.98
-18.30
-25.51
-34.45
-31.77
-20.82
-5.93
8.28
11.38
14.03
16.06
17.35
21.19
12.60
10.26
6.28
51.67
62.07
-32.00
-2.14
1.14
-4.39
-12.15
-21.97
-28.60
-31.73
-24.10
-12.54
-10.42
7.11
6.89
10.15
13.34
14.77
20.54
29.70
29.60
38.39
49.12
58.88
-25.11
-0.23
-10.58
-8.60
-16.69
-24.24
-30.44
-24.04
-15.07
-5.60
5.60
9.03
7.27
9.23
12.67
22.58
29.65
33.32
32.94
31.43
42.37
51.66
-45.98
-21.45
-28.41
-14.28
-22.65
-27.74
-24.43
-17.48
-7.32
3.93
9.09
10.83
11.34
10.75
10.78
22.80
29.52
34.52
33.81
30.99
31.98
48.78
-61.57
-41.26
-29.79
-26.59
-27.09
-16.19
-13.02
-4.54
-2.01
5.55
10.82
13.88
11.66
9.66
9.68
19.14
25.35
31.71
30.53
27.25
26.33
40.99
-78.87
-48.99
-37.63
-22.19
-20.07
-5.66
2.04
2.69
1.57
7.32
9.74
14.82
12.86
11.48
9.22
14.01
22.96
27.92
25.81
23.19
19.18
16.56
-76.63
-42.28
-27.65
-11.45
-0.39
4.96
11.35
9.59
7.86
9.03
12.26
13.68
10.42
7.92
4.74
10.87
16.76
21.47
26.00
20.06
17.15
14.69
-63.50
-29.49
-23.25
-16.06
-5.64
4.90
9.16
10.92
8.68
9.67
11.39
11.53
7.84
4.30
1.21
6.60
11.16
15.70
17.49
9.13
7.07
-4.28
-49.21
-28.18
-13.04
-14.66
-7.59
0.57
7.57
2.82
7.54
8.24
9.88
9.75
5.93
2.72
-3.45
-1.78
3.89
8.90
3.66
0.62
-2.04
-3.82
-27.53
-10.13
-8.94
-6.10
-8.48
-2.83
-4.72
-4.12
6.03
7.13
7.82
6.59
3.34
3.54
0.37
1.52
6.95
10.34
6.67
3.00
-0.38
-2.82
-1.90
11.22
1.26
0.88
3.28
6.25
-10.11
-8.87
5.65
5.55
5.21
4.33
6.62
3.94
6.72
7.52
10.51
14.26
10.06
5.17
0.64
-2.68
