18.00
15.00
15.00
15.00
16.00
13.00
15.00
14.00
16.00
14.00
14.00
15.00
14.00
14.00
14.00
13.00
12.00
12.00
13.00
10.00
9.00
8.00
16.00
15.00
14.00
16.00
14.00
15.00
15.00
16.00
16.00
17.00
17.00
17.00
18.00
18.00
17.00
16.00
16.00
14.00
13.00
11.00
10.00
8.00
14.00
14.00
15.00
15.00
14.00
17.00
16.00
17.00
18.00
17.00
19.00
18.00
20.00
19.00
19.00
18.00
18.00
16.00
15.00
13.00
11.00
8.00
14.00
15.00
16.00
16.00
16.00
17.00
17.00
19.00
19.00
21.00
21.00
22.00
24.00
24.00
23.00
21.00
22.00
20.00
17.00
15.00
14.00
11.00
15.00
15.00
17.00
18.00
17.00
16.00
19.00
21.00
21.00
25.00
26.00
24.00
27.00
27.00
25.00
26.00
23.00
21.00
19.00
15.00
13.00
13.00
14.00
14.00
18.00
18.00
17.00
18.00
21.00
22.00
25.00
27.00
27.00
28.00
29.00
29.00
29.00
28.00
26.00
23.00
21.00
20.00
14.00
14.00
14.00
12.00
16.00
16.00
17.00
21.00
22.00
23.00
28.00
26.00
27.00
29.00
33.00
32.00
31.00
30.00
29.00
27.00
22.00
20.00
19.00
17.00
13.00
13.00
15.00
17.00
21.00
21.00
23.00
28.00
30.00
28.00
31.00
32.00
32.00
35.00
33.00
33.00
31.00
30.00
25.00
23.00
21.00
19.00
14.00
13.00
14.00
16.00
17.00
19.00
23.00
28.00
29.00
29.00
32.00
32.00
38.00
38.00
36.00
35.00
38.00
32.00
29.00
27.00
23.00
18.00
12.00
13.00
16.00
16.00
18.00
18.00
22.00
26.00
29.00
30.00
31.00
33.00
39.00
35.00
35.00
37.00
36.00
31.00
30.00
28.00
25.00
24.00
12.00
13.00
14.00
16.00
18.00
21.00
23.00
26.00
30.00
29.00
33.00
37.00
38.00
37.00
41.00
40.00
40.00
39.00
35.00
32.00
27.00
24.00
14.00
14.00
15.00
15.00
17.00
20.00
22.00
27.00
29.00
33.00
34.00
37.00
41.00
44.00
44.00
42.00
44.00
37.00
38.00
35.00
30.00
26.00
13.00
13.00
18.00
16.00
19.00
21.00
28.00
28.00
31.00
34.00
38.00
38.00
41.00
41.00
45.00
45.00
43.00
40.00
38.00
33.00
31.00
24.00
13.00
13.00
17.00
17.00
22.00
26.00
28.00
29.00
29.00
36.00
36.00
40.00
43.00
45.00
47.00
46.00
44.00
42.00
37.00
34.00
32.00
26.00
11.00
13.00
17.00
16.00
23.00
24.00
27.00
32.00
35.00
38.00
42.00
41.00
42.00
45.00
46.00
45.00
45.00
42.00
38.00
34.00
33.00
26.00
15.00
16.00
17.00
20.00
22.00
26.00
29.00
33.00
37.00
38.00
42.00
42.00
46.00
46.00
45.00
45.00
42.00
39.00
37.00
33.00
31.00
28.00
16.00
18.00
20.00
24.00
27.00
28.00
30.00
35.00
36.00
41.00
46.00
44.00
45.00
48.00
49.00
45.00
43.00
36.00
36.00
33.00
26.00
25.00
17.00
20.00
21.00
24.00
30.00
31.00
35.00
37.00
40.00
42.00
44.00
49.00
46.00
47.00
50.00
49.00
41.00
38.00
34.00
29.00
29.00
23.00
18.00
22.00
25.00
27.00
28.00
32.00
34.00
34.00
40.00
44.00
48.00
51.00
48.00
47.00
50.00
45.00
42.00
36.00
33.00
29.00
27.00
22.00
19.00
23.00
25.00
27.00
30.00
30.00
33.00
38.00
39.00
39.00
48.00
47.00
45.00
44.00
44.00
45.00
42.00
37.00
35.00
29.00
27.00
23.00
20.00
22.00
24.00
27.00
33.00
30.00
30.00
36.00
39.00
42.00
44.00
45.00
44.00
41.00
41.00
42.00
44.00
41.00
38.00
31.00
28.00
26.00
19.00
21.00
25.00
27.00
29.00
31.00
31.00
34.00
35.00
41.00
40.00
41.00
43.00
43.00
42.00
42.00
40.00
37.00
34.00
29.00
29.00
25.00
18.00
21.00
23.00
26.00
27.00
28.00
29.00
31.00
32.00
37.00
39.00
41.00
42.00
43.00
41.00
38.00
39.00
33.00
31.00
25.00
24.00
21.00
17.00
21.00
22.00
24.00
26.00
25.00
28.00
30.00
32.00
31.00
35.00
37.00
40.00
39.00
35.00
34.00
32.00
29.00
28.00
24.00
24.00
18.00
16.00
19.00
21.00
22.00
25.00
25.00
27.00
30.00
30.00
32.00
32.00
36.00
36.00
36.00
34.00
31.00
29.00
24.00
23.00
21.00
19.00
18.00
14.00
15.00
20.00
24.00
25.00
24.00
24.00
25.00
28.00
28.00
32.00
33.00
31.00
30.00
27.00
27.00
26.00
23.00
20.00
16.00
14.00
13.00
13.00
15.00
17.00
19.00
21.00
23.00
23.00
22.00
27.00
27.00
29.00
28.00
29.00
25.00
23.00
23.00
20.00
18.00
17.00
14.00
14.00
9.00
12.00
13.00
16.00
16.00
19.00
20.00
20.00
21.00
24.00
24.00
26.00
27.00
26.00
22.00
22.00
19.00
18.00
16.00
14.00
12.00
11.00
9.00
