47.00
47.00
49.00
51.00
54.00
55.00
58.00
58.00
59.00
57.00
59.00
57.00
55.00
51.00
52.00
50.00
50.00
47.00
45.00
42.00
39.00
36.00
48.00
49.00
53.00
54.00
57.00
58.00
62.00
61.00
61.00
61.00
60.00
60.00
60.00
57.00
54.00
53.00
53.00
49.00
47.00
47.00
46.00
40.00
50.00
55.00
57.00
57.00
61.00
66.00
66.00
67.00
66.00
64.00
63.00
65.00
62.00
61.00
62.00
60.00
58.00
58.00
54.00
51.00
50.00
47.00
57.00
59.00
60.00
64.00
66.00
66.00
71.00
72.00
67.00
65.00
68.00
70.00
68.00
67.00
67.00
67.00
65.00
61.00
59.00
56.00
54.00
53.00
58.00
59.00
66.00
66.00
70.00
76.00
75.00
73.00
73.00
75.00
73.00
73.00
71.00
69.00
70.00
69.00
66.00
65.00
63.00
62.00
57.00
54.00
59.00
62.00
68.00
70.00
77.00
77.00
79.00
75.00
79.00
77.00
76.00
77.00
77.00
75.00
74.00
71.00
68.00
68.00
65.00
63.00
62.00
58.00
62.00
67.00
69.00
74.00
78.00
83.00
82.00
86.00
83.00
84.00
84.00
83.00
79.00
78.00
76.00
73.00
72.00
70.00
67.00
65.00
64.00
60.00
67.00
69.00
76.00
79.00
84.00
85.00
85.00
87.00
88.00
87.00
86.00
87.00
85.00
82.00
80.00
76.00
75.00
74.00
70.00
66.00
66.00
62.00
70.00
74.00
79.00
85.00
88.00
91.00
92.00
93.00
95.00
91.00
91.00
90.00
91.00
87.00
82.00
82.00
78.00
76.00
72.00
71.00
67.00
64.00
73.00
73.00
84.00
85.00
92.00
95.00
99.00
98.00
99.00
98.00
97.00
94.00
91.00
89.00
88.00
87.00
85.00
80.00
74.00
72.00
68.00
65.00
74.00
80.00
87.00
91.00
96.00
98.00
101.00
104.00
103.00
104.00
103.00
98.00
96.00
94.00
92.00
90.00
87.00
84.00
81.00
79.00
72.00
66.00
75.00
86.00
86.00
93.00
96.00
100.00
103.00
106.00
108.00
105.00
103.00
103.00
98.00
96.00
96.00
91.00
89.00
86.00
82.00
79.00
78.00
70.00
78.00
84.00
88.00
93.00
96.00
104.00
107.00
108.00
106.00
106.00
104.00
102.00
99.00
99.00
100.00
95.00
94.00
92.00
87.00
84.00
80.00
77.00
76.00
84.00
91.00
93.00
99.00
103.00
106.00
107.00
108.00
105.00
104.00
102.00
104.00
102.00
101.00
98.00
94.00
91.00
89.00
85.00
83.00
78.00
77.00
83.00
89.00
90.00
98.00
101.00
105.00
106.00
107.00
107.00
107.00
104.00
104.00
104.00
100.00
97.00
94.00
91.00
89.00
85.00
84.00
80.00
73.00
79.00
87.00
92.00
95.00
100.00
103.00
104.00
104.00
109.00
108.00
105.00
105.00
102.00
101.00
96.00
93.00
92.00
90.00
86.00
82.00
79.00
73.00
77.00
84.00
88.00
90.00
96.00
100.00
104.00
106.00
106.00
105.00
105.00
103.00
101.00
98.00
96.00
94.00
91.00
87.00
85.00
81.00
78.00
72.00
75.00
84.00
86.00
89.00
89.00
96.00
102.00
103.00
102.00
101.00
100.00
101.00
97.00
95.00
93.00
93.00
88.00
88.00
83.00
81.00
78.00
67.00
75.00
80.00
84.00
86.00
90.00
96.00
97.00
98.00
100.00
99.00
98.00
98.00
97.00
95.00
95.00
91.00
88.00
87.00
84.00
81.00
76.00
64.00
73.00
76.00
80.00
84.00
86.00
94.00
95.00
96.00
97.00
98.00
96.00
96.00
96.00
94.00
92.00
89.00
87.00
83.00
82.00
78.00
76.00
62.00
68.00
76.00
79.00
81.00
85.00
89.00
91.00
94.00
93.00
95.00
94.00
92.00
93.00
92.00
88.00
87.00
85.00
81.00
80.00
76.00
74.00
62.00
64.00
71.00
78.00
80.00
82.00
85.00
88.00
88.00
89.00
87.00
88.00
91.00
90.00
88.00
88.00
83.00
82.00
80.00
78.00
75.00
71.00
54.00
62.00
67.00
71.00
77.00
79.00
80.00
84.00
87.00
86.00
86.00
87.00
88.00
86.00
86.00
86.00
83.00
81.00
81.00
78.00
75.00
70.00
53.00
57.00
61.00
70.00
75.00
78.00
77.00
78.00
83.00
84.00
85.00
86.00
85.00
84.00
81.00
80.00
78.00
79.00
77.00
76.00
73.00
66.00
49.00
56.00
60.00
66.00
72.00
72.00
73.00
76.00
80.00
82.00
83.00
83.00
80.00
79.00
80.00
80.00
77.00
78.00
75.00
72.00
67.00
63.00
46.00
51.00
59.00
60.00
65.00
71.00
71.00
73.00
76.00
79.00
80.00
80.00
78.00
77.00
78.00
78.00
77.00
74.00
71.00
69.00
65.00
60.00
44.00
45.00
54.00
59.00
61.00
65.00
70.00
68.00
69.00
73.00
75.00
76.00
76.00
75.00
73.00
71.00
70.00
67.00
64.00
63.00
59.00
57.00
42.00
44.00
47.00
54.00
57.00
62.00
62.00
65.00
67.00
67.00
69.00
69.00
70.00
71.00
68.00
67.00
66.00
65.00
63.00
60.00
59.00
54.00
