5307.81
5345.04
5364.25
5388.49
5405.54
5421.70
5441.47
5477.87
5494.76
5526.49
5544.43
5564.62
5592.65
5605.54
5640.15
5679.69
5721.50
5767.77
5822.33
5820.56
5854.20
5994.24
5309.58
5327.22
5358.33
5382.22
5393.95
5400.52
5419.42
5439.56
5452.31
5471.34
5491.98
5507.96
5525.22
5549.43
5572.17
5598.44
5631.47
5671.19
5733.24
5784.54
5817.56
5922.88
5277.89
5307.02
5327.85
5358.70
5364.88
5372.14
5388.73
5412.20
5421.54
5432.23
5449.29
5464.99
5475.56
5497.32
5510.84
5538.62
5573.55
5606.00
5651.54
5705.73
5782.24
5860.84
5267.96
5280.83
5300.70
5312.71
5335.87
5356.33
5374.33
5389.36
5401.10
5416.44
5424.27
5433.70
5444.18
5463.97
5476.85
5499.32
5532.03
5568.12
5608.36
5656.63
5730.28
5781.77
5243.78
5262.89
5290.32
5307.45
5329.83
5351.27
5352.41
5374.00
5391.05
5402.34
5415.93
5415.52
5423.99
5433.09
5445.57
5469.73
5498.30
5530.94
5567.08
5615.85
5687.43
5770.58
5248.40
5249.08
5279.85
5299.41
5310.78
5337.34
5357.36
5366.32
5386.75
5392.99
5398.91
5412.42
5408.59
5414.54
5433.32
5449.64
5473.19
5506.11
5535.60
5585.98
5650.25
5681.93
5232.21
5235.75
5267.63
5282.16
5297.19
5326.47
5362.02
5377.76
5393.26
5397.66
5394.19
5407.44
5402.23
5412.74
5420.99
5436.22
5454.06
5477.19
5506.35
5559.56
5587.70
5626.55
5230.52
5245.35
5263.54
5273.93
5300.45
5335.43
5354.73
5391.75
5400.28
5410.98
5411.21
5421.51
5410.92
5409.92
5415.10
5426.64
5439.28
5454.63
5485.51
5532.81
5563.69
5605.16
5232.82
5245.03
5257.52
5286.11
5312.47
5349.15
5364.62
5398.57
5416.50
5421.01
5418.12
5429.27
5420.38
5418.72
5415.37
5426.24
5436.15
5450.87
5476.05
5509.75
5548.25
5589.01
5234.65
5248.73
5272.10
5301.83
5322.50
5356.86
5393.79
5415.41
5438.16
5448.10
5444.16
5443.84
5435.67
5437.11
5430.19
5428.27
5441.80
5451.53
5477.77
5502.07
5538.96
5571.77
5234.77
5243.66
5271.55
5314.26
5353.51
5385.80
5419.80
5438.65
5456.01
5470.54
5476.47
5469.01
5466.78
5459.83
5460.18
5447.64
5455.17
5466.52
5483.05
5510.39
5540.25
5578.09
5244.95
5241.24
5282.81
5322.00
5376.04
5410.36
5435.87
5465.41
5478.13
5491.91
5499.36
5492.65
5491.36
5482.01
5481.79
5481.01
5488.57
5481.27
5505.55
5530.43
5553.66
5593.25
5227.11
5254.22
5296.21
5343.78
5386.69
5424.92
5458.86
5487.53
5500.57
5517.94
5522.60
5528.35
5516.58
5511.76
5512.39
5510.26
5517.47
5525.32
5539.58
5551.42
5578.57
5607.94
5234.12
5264.28
5318.01
5353.94
5402.38
5438.37
5473.56
5504.06
5531.87
5543.29
5554.67
5555.44
5559.90
5549.11
5542.21
5550.94
5554.51
5564.80
5567.26
5597.62
5621.39
5644.43
5215.38
5275.86
5316.72
5363.10
5415.03
5453.96
5497.35
5530.04
5552.88
5573.36
5577.32
5588.22
5588.11
5588.49
5592.02
5592.23
5592.14
5600.70
5617.94
5629.43
5654.69
5690.08
5251.73
5291.93
5335.03
5381.72
5424.71
5485.03
5518.43
5548.51
5573.25
5590.69
5611.22
5621.32
5627.11
5626.49
5629.66
5637.52
5648.78
5656.95
5662.69
5675.36
5693.24
5717.06
5261.91
5307.19
5349.22
5402.27
5454.34
5494.72
5540.36
5565.90
5597.96
5622.99
5638.04
5655.18
5665.02
5662.44
5670.64
5677.24
5688.84
5700.73
5717.15
5732.81
5745.01
5764.00
5280.36
5327.21
5369.73
5430.61
5479.41
5519.87
5557.15
5588.56
5615.95
5641.60
5661.46
5681.57
5699.78
5706.92
5709.20
5717.14
5731.51
5740.95
5756.29
5772.48
5791.10
5798.22
5304.71
5353.95
5400.47
5455.05
5499.44
5542.31
5577.89
5606.25
5634.28
5663.64
5681.51
5704.32
5720.25
5734.94
5739.45
5755.78
5773.52
5787.69
5810.29
5825.02
5839.34
5849.31
5324.32
5374.31
5418.49
5478.35
5520.99
5559.78
5597.32
5626.10
5653.43
5677.46
5705.59
5723.82
5740.52
5762.75
5772.66
5785.29
5805.44
5823.14
5843.77
5858.84
5875.15
5884.37
5345.37
5392.33
5455.10
5498.05
5537.84
5579.84
5612.41
5643.75
5672.61
5694.19
5714.94
5738.77
5764.83
5783.39
5794.60
5816.11
5830.05
5846.80
5867.44
5880.77
5906.01
5919.74
5367.83
5431.68
5475.65
5517.35
5556.88
5592.42
5627.82
5656.90
5686.41
5711.92
5735.00
5754.06
5779.00
5795.50
5817.09
5826.06
5844.20
5859.01
5877.37
5898.05
5919.16
5919.42
5402.09
5451.00
5495.44
5537.86
5575.05
5610.98
5643.47
5676.03
5699.09
5723.92
5744.98
5765.53
5784.67
5808.91
5830.26
5843.34
5856.20
5877.92
5897.45
5904.28
5925.79
5942.18
5418.13
5468.02
5509.12
5549.75
5590.21
5625.25
5656.77
5685.05
5710.90
5735.46
5756.51
5774.27
5793.89
5810.15
5826.69
5847.34
5862.20
5877.82
5895.26
5915.64
5934.93
5909.43
5431.53
5480.17
5522.69
5564.00
5600.39
5634.16
5665.14
5692.86
5716.84
5740.57
5760.31
5780.65
5798.17
5814.39
5832.75
5847.26
5861.60
5873.38
5884.39
5895.52
5906.62
5913.16
5444.59
5493.25
5535.82
5571.17
5606.03
5639.10
5671.16
5698.57
5719.38
5743.46
5763.06
5781.37
5799.59
5817.79
5835.26
5849.64
5863.01
5875.46
5885.19
5888.19
5870.68
5846.40
5462.86
5503.79
5539.73
5577.50
5613.59
5644.76
5672.32
5693.53
5716.98
5740.67
5763.67
5781.31
5795.49
5821.08
5835.62
5849.32
5862.14
5872.25
5879.62
5878.98
5875.13
5812.01
5474.51
5507.94
5545.17
5578.21
5613.64
5642.42
5668.40
5688.12
5710.92
5733.56
5755.99
5776.59
5793.15
5815.13
5840.34
5852.16
5864.23
5873.36
5880.23
5881.02
5877.64
5830.65
