5281.92
5301.68
5332.94
5351.56
5352.08
5375.74
5385.38
5399.28
5414.87
5443.58
5460.29
5498.05
5518.22
5566.49
5577.36
5651.36
5689.18
5725.04
5774.89
5835.31
5896.82
5964.44
5282.27
5306.30
5332.87
5352.61
5356.06
5373.91
5383.40
5399.32
5406.81
5433.51
5451.69
5481.12
5495.47
5522.73
5569.36
5598.26
5629.49
5663.89
5717.03
5759.63
5811.53
5878.61
5275.52
5304.58
5322.54
5348.13
5355.05
5364.51
5381.64
5397.26
5398.60
5424.92
5445.38
5456.20
5480.56
5492.27
5529.93
5551.69
5579.33
5610.59
5648.24
5697.79
5745.37
5804.89
5284.36
5301.63
5322.90
5344.39
5353.37
5359.74
5374.74
5393.86
5414.19
5421.59
5426.10
5443.00
5462.65
5479.28
5499.43
5516.98
5538.25
5570.29
5598.87
5637.53
5684.01
5731.58
5291.11
5303.68
5318.71
5341.56
5347.45
5361.29
5379.00
5388.67
5403.17
5414.95
5423.57
5439.48
5447.85
5463.27
5480.42
5501.12
5516.98
5540.18
5565.17
5593.02
5632.11
5681.92
5283.22
5292.01
5311.48
5339.60
5343.60
5358.18
5374.62
5387.91
5400.40
5410.98
5428.58
5432.44
5441.71
5456.86
5474.24
5489.20
5503.74
5525.08
5543.46
5569.97
5598.95
5642.32
5278.17
5288.71
5306.82
5329.84
5335.62
5356.11
5374.09
5390.54
5401.62
5416.64
5428.71
5433.22
5441.61
5457.69
5473.96
5486.40
5502.92
5517.43
5532.66
5554.56
5582.18
5615.08
5268.48
5283.72
5314.89
5334.03
5336.37
5357.53
5376.90
5389.65
5407.20
5414.58
5431.36
5439.44
5453.46
5465.34
5480.12
5492.12
5506.36
5521.67
5533.85
5551.58
5575.14
5600.81
5271.49
5294.54
5316.00
5334.97
5347.60
5362.09
5381.72
5395.75
5409.81
5424.43
5437.28
5449.09
5467.53
5481.69
5492.23
5507.54
5517.74
5531.15
5542.17
5560.80
5576.42
5602.43
5263.47
5289.98
5314.07
5336.99
5359.54
5365.29
5387.66
5404.22
5419.74
5435.42
5455.58
5464.64
5478.08
5498.44
5512.48
5526.55
5540.72
5550.99
5552.69
5567.96
5588.82
5609.56
5265.59
5293.47
5324.02
5343.49
5366.71
5373.24
5394.19
5416.17
5435.23
5454.45
5474.18
5482.83
5498.95
5516.01
5529.91
5542.85
5557.72
5569.89
5580.40
5596.82
5616.34
5617.78
5276.13
5303.89
5332.88
5351.04
5377.25
5396.19
5407.76
5429.19
5450.36
5468.36
5485.01
5501.37
5517.85
5532.89
5547.45
5560.15
5573.96
5585.77
5595.10
5613.76
5631.81
5651.31
5279.62
5307.76
5338.01
5364.65
5395.13
5406.42
5425.22
5443.32
5461.34
5485.00
5502.93
5516.74
5533.13
5548.20
5576.96
5584.90
5601.09
5612.98
5627.78
5639.41
5654.75
5675.37
5285.02
5322.19
5345.55
5377.67
5404.01
5426.74
5442.19
5456.27
5480.12
5498.87
5518.72
5538.98
5569.21
5579.15
5594.98
5607.21
5615.22
5633.63
5644.31
5659.57
5675.70
5690.21
5292.73
5332.49
5359.45
5391.77
5422.18
5443.67
5463.52
5480.36
5494.61
5523.24
5553.73
5567.20
5585.02
5597.93
5611.83
5626.07
5639.10
5647.70
5664.81
5676.25
5691.92
5710.06
5311.71
5350.38
5374.45
5412.99
5437.84
5461.16
5479.14
5500.92
5535.64
5551.41
5571.78
5585.18
5599.00
5617.51
5634.41
5645.64
5659.37
5671.82
5682.89
5698.95
5710.20
5732.34
5326.88
5362.59
5406.35
5437.16
5475.64
5495.38
5513.33
5537.15
5564.85
5585.99
5602.58
5606.63
5619.33
5638.82
5656.57
5668.59
5679.78
5692.53
5708.22
5720.95
5733.55
5755.31
5336.28
5389.25
5429.25
5459.33
5496.66
5526.36
5547.32
5566.07
5587.55
5608.18
5630.01
5646.14
5657.05
5676.11
5685.90
5698.05
5713.39
5721.89
5736.69
5747.58
5760.51
5772.75
5364.48
5409.21
5443.68
5478.46
5510.95
5547.66
5569.24
5592.86
5612.32
5630.67
5653.98
5674.28
5686.01
5699.37
5714.79
5724.61
5733.81
5741.36
5757.23
5769.11
5780.26
5794.82
5375.69
5421.18
5456.86
5496.06
5532.36
5565.10
5584.90
5610.08
5634.08
5653.50
5673.93
5695.39
5710.80
5722.28
5739.85
5753.53
5765.82
5774.55
5785.61
5799.56
5810.64
5811.37
5384.32
5426.59
5465.29
5505.63
5545.92
5582.36
5604.91
5628.80
5651.17
5676.40
5694.84
5715.76
5739.37
5746.18
5763.36
5777.85
5791.93
5804.93
5814.29
5828.65
5830.50
5838.18
5394.66
5434.55
5477.01
5518.60
5556.53
5593.05
5620.74
5645.70
5673.81
5698.82
5726.16
5745.28
5757.56
5769.62
5779.01
5796.47
5809.18
5827.51
5840.88
5843.29
5855.22
5861.26
5399.78
5441.25
5488.47
5530.63
5569.88
5605.48
5636.25
5661.76
5686.90
5715.59
5740.90
5761.09
5780.45
5790.79
5799.32
5814.50
5825.84
5845.59
5852.42
5860.94
5866.60
5873.75
5411.77
5453.43
5494.89
5535.24
5574.01
5612.17
5649.56
5675.80
5700.23
5729.40
5753.60
5775.83
5796.36
5807.69
5822.59
5842.93
5850.69
5864.31
5865.81
5874.96
5887.00
5889.16
5416.67
5458.35
5501.16
5538.62
5577.36
5622.24
5658.50
5690.08
5713.03
5737.51
5763.54
5787.88
5811.39
5823.85
5838.48
5857.39
5871.54
5872.36
5882.68
5894.46
5908.70
5911.90
5420.34
5462.17
5506.55
5552.39
5589.48
5625.50
5659.28
5693.55
5723.50
5747.49
5776.90
5800.20
5814.89
5832.89
5849.54
5866.57
5876.42
5889.98
5902.68
5909.49
5917.30
5922.30
5425.28
5479.97
5518.34
5555.85
5592.21
5627.03
5669.16
5708.54
5737.97
5760.10
5782.30
5798.30
5820.67
5839.04
5858.70
5876.41
5885.42
5898.48
5909.80
5917.74
5928.39
5927.66
5443.10
5482.78
5521.07
5557.05
5591.68
5639.89
5681.17
5713.98
5744.29
5771.40
5789.54
5804.15
5823.78
5846.20
5862.70
5879.37
5892.79
5904.96
5916.05
5926.25
5933.44
5941.13
