5299.48
5316.07
5332.22
5350.20
5370.84
5391.58
5408.07
5422.31
5436.43
5448.70
5459.02
5467.03
5477.38
5490.56
5502.35
5515.07
5529.07
5542.93
5558.74
5575.14
5587.70
5599.79
5302.29
5317.50
5333.89
5351.11
5370.26
5387.44
5403.02
5417.28
5432.15
5442.93
5452.21
5459.90
5471.17
5483.09
5494.15
5506.81
5520.62
5534.63
5548.46
5564.23
5577.39
5587.84
5300.21
5314.46
5331.30
5349.25
5366.78
5383.50
5398.85
5413.03
5426.50
5437.90
5446.43
5453.67
5464.56
5476.29
5487.28
5499.76
5512.88
5526.63
5539.07
5553.65
5568.54
5580.48
5292.40
5306.77
5325.25
5344.76
5363.74
5379.49
5394.68
5408.84
5420.77
5432.87
5441.93
5448.86
5458.80
5469.42
5480.68
5492.11
5504.51
5517.80
5530.28
5542.74
5556.49
5570.41
5282.65
5297.95
5316.08
5337.35
5359.50
5375.40
5391.79
5406.75
5418.32
5430.08
5439.81
5445.64
5454.20
5464.40
5474.59
5485.18
5496.81
5509.39
5521.42
5534.41
5546.63
5558.90
5270.75
5287.76
5307.18
5329.65
5351.35
5371.72
5391.67
5407.14
5419.19
5430.31
5440.09
5445.14
5452.29
5461.33
5470.50
5479.73
5490.05
5501.53
5512.82
5525.04
5538.48
5550.72
5258.26
5277.61
5298.58
5321.98
5345.12
5371.39
5393.35
5409.58
5423.63
5433.28
5441.63
5446.06
5452.51
5460.51
5468.21
5476.12
5485.37
5495.55
5505.31
5516.25
5530.77
5547.10
5249.07
5270.43
5292.97
5318.95
5348.05
5377.46
5399.08
5416.74
5431.06
5440.61
5446.73
5450.36
5454.71
5461.78
5468.51
5474.89
5482.75
5492.77
5502.62
5513.89
5529.89
5547.69
5243.12
5269.36
5297.35
5326.61
5358.49
5386.46
5409.56
5428.31
5441.52
5451.22
5457.35
5460.27
5463.85
5469.38
5474.52
5479.81
5487.68
5495.96
5505.01
5516.93
5531.13
5550.24
5242.55
5269.71
5301.85
5336.44
5373.01
5400.58
5424.18
5443.07
5455.53
5466.56
5470.58
5473.64
5476.98
5480.28
5483.82
5490.07
5497.02
5503.71
5511.63
5525.40
5541.95
5561.02
5241.90
5275.45
5309.24
5348.43
5386.56
5417.11
5442.52
5461.51
5475.23
5484.25
5489.56
5492.49
5494.58
5497.03
5500.36
5506.33
5512.44
5521.05
5529.46
5543.43
5559.80
5579.68
5250.60
5281.93
5320.24
5362.59
5400.66
5432.68
5461.10
5482.66
5496.67
5505.09
5510.09
5513.37
5517.38
5521.45
5526.04
5530.04
5537.60
5546.22
5556.90
5570.43
5584.32
5602.37
5260.37
5288.26
5329.24
5377.49
5414.44
5451.14
5484.75
5506.40
5518.75
5527.59
5533.54
5537.68
5542.97
5547.27
5552.23
5559.35
5566.86
5575.31
5586.00
5599.13
5612.49
5628.70
5266.81
5295.22
5340.86
5391.34
5433.88
5473.77
5507.26
5527.13
5539.60
5550.53
5558.08
5564.28
5569.87
5574.92
5580.66
5588.92
5597.31
5606.20
5616.35
5628.27
5640.16
5656.32
5272.33
5307.43
5356.22
5407.16
5453.74
5494.87
5526.76
5550.45
5563.00
5575.57
5582.63
5590.08
5596.04
5602.79
5610.04
5617.80
5626.31
5635.43
5644.75
5655.25
5668.51
5685.12
5283.86
5322.93
5371.54
5425.35
5474.78
5518.70
5548.50
5572.79
5589.20
5599.12
5607.92
5617.17
5623.66
5630.48
5637.86
5646.08
5654.99
5663.67
5671.91
5681.38
5694.51
5707.13
5299.93
5341.60
5395.69
5448.12
5499.79
5540.79
5570.24
5595.36
5613.24
5623.31
5634.48
5643.31
5651.18
5657.46
5664.95
5672.96
5681.44
5690.17
5697.16
5705.87
5715.31
5726.58
5319.54
5371.13
5421.71
5474.66
5523.94
5561.86
5592.73
5618.37
5634.61
5646.46
5657.05
5666.50
5675.52
5682.93
5691.48
5699.51
5707.10
5713.74
5721.10
5728.48
5734.59
5744.47
5350.64
5398.86
5450.94
5501.04
5546.45
5583.01
5611.80
5634.23
5651.85
5665.36
5677.45
5690.19
5700.94
5708.97
5717.12
5724.54
5731.67
5737.53
5742.96
5748.07
5753.23
5761.48
5380.44
5426.65
5476.52
5521.50
5564.41
5598.31
5624.03
5645.56
5664.87
5680.22
5694.95
5709.09
5720.13
5729.25
5737.53
5744.64
5751.24
5756.25
5761.21
5766.34
5771.93
5777.51
5408.10
5450.58
5496.39
5536.95
5576.19
5610.91
5634.41
5655.20
5674.49
5691.73
5708.22
5722.85
5734.76
5744.58
5753.60
5763.09
5771.17
5777.51
5783.68
5788.93
5791.38
5795.71
5431.14
5470.51
5511.75
5550.03
5586.38
5620.28
5642.13
5663.01
5682.96
5701.08
5717.56
5732.59
5745.67
5757.46
5769.27
5779.98
5789.61
5797.73
5804.20
5808.17
5811.33
5815.96
5450.71
5484.92
5524.30
5560.76
5596.47
5624.82
5648.01
5669.57
5689.54
5707.40
5725.20
5740.11
5756.36
5771.20
5784.32
5795.05
5804.87
5813.99
5820.54
5825.73
5829.58
5833.51
5464.65
5497.37
5534.76
5568.05
5600.70
5627.45
5651.03
5672.87
5693.58
5711.51
5729.73
5747.13
5765.56
5782.67
5797.37
5808.62
5818.54
5827.08
5832.86
5837.56
5842.05
5847.76
5476.23
5506.01
5540.45
5572.14
5603.09
5630.23
5653.50
5674.63
5696.33
5714.45
5734.02
5753.97
5774.61
5792.35
5806.73
5818.54
5828.72
5836.98
5842.87
5848.72
5854.40
5858.50
5484.33
5513.38
5543.76
5574.02
5605.24
5632.29
5655.12
5674.60
5696.53
5716.74
5738.62
5760.61
5783.06
5801.51
5816.39
5827.31
5837.51
5845.20
5851.78
5858.06
5861.87
5866.19
5490.50
5515.72
5544.96
5575.10
5605.89
5630.17
5654.30
5673.72
5695.31
5717.63
5742.38
5766.37
5789.03
5810.05
5823.56
5834.98
5845.12
5852.04
5857.95
5862.67
5866.18
5871.16
5491.23
5517.52
5545.76
5573.15
5601.30
5627.74
5652.90
5672.20
5693.68
5717.17
5744.44
5770.60
5795.13
5815.14
5830.71
5841.69
5850.36
5856.92
5862.23
5866.36
5870.07
5873.05
