29.03
20.04
18.86
27.03
24.88
14.05
9.62
9.59
9.65
2.54
-2.16
3.57
6.80
12.32
22.84
27.97
20.93
10.64
-2.14
1.04
nan
nan
16.53
5.70
-0.51
-0.32
1.33
6.12
5.30
9.63
13.81
9.82
9.20
14.46
19.36
21.45
26.48
26.17
24.07
24.12
19.21
10.54
0.64
-2.38
7.19
-4.68
-18.91
-14.62
-10.98
-7.51
0.69
10.93
13.76
7.56
11.86
18.08
18.36
19.21
27.39
22.41
16.71
27.91
32.34
21.36
12.10
-0.33
9.73
-0.01
-8.06
-7.56
-6.59
-7.18
-8.64
-4.84
-9.35
-6.32
-8.47
-1.80
1.25
-5.70
3.30
5.12
-3.65
11.29
24.05
32.03
26.34
12.70
7.06
-4.19
-6.46
-9.09
2.03
2.50
-2.93
-14.52
-25.34
-25.86
-23.39
-25.75
-27.60
-22.27
-17.94
-16.69
-26.60
-4.07
15.28
30.88
40.40
30.19
-7.61
-9.76
-13.19
-13.70
-3.32
6.61
1.35
-7.07
-10.51
-10.03
-13.64
-20.74
-23.87
-17.67
-13.11
-13.91
-24.28
-21.33
-4.62
10.67
34.10
29.24
2.52
-5.37
-14.53
-16.99
-2.49
7.59
3.82
-0.43
-0.76
0.45
-1.71
-5.50
-8.80
-8.03
-6.73
-6.67
-15.54
-22.17
-6.96
2.68
14.13
3.51
11.96
1.67
-10.19
-18.22
-0.65
7.94
4.89
3.58
1.82
0.57
3.32
5.84
2.22
0.08
-0.57
-2.82
-5.67
-3.56
6.67
17.32
21.02
17.89
21.82
3.43
-7.69
-4.96
3.49
-1.48
-3.86
3.37
-0.09
-2.03
2.51
8.46
7.24
0.83
0.16
-2.00
-10.54
-4.67
10.84
18.47
26.13
21.25
22.43
14.07
9.42
8.75
3.48
-5.36
-11.46
-3.53
2.26
0.65
4.36
9.16
0.08
-4.98
-4.01
-5.91
-13.55
-20.26
4.56
15.84
22.14
15.57
19.84
12.41
7.35
4.59
2.09
-6.86
-16.53
-2.80
7.72
6.23
8.32
7.40
-2.79
-5.48
-5.58
-5.54
-17.07
-31.54
-19.82
-2.66
4.93
-13.75
24.70
12.83
2.56
-1.12
-1.59
-7.68
-16.73
0.64
11.61
7.51
9.03
7.40
-3.98
-7.12
-7.46
-11.50
-24.45
-42.88
-30.20
-19.70
-13.66
-18.45
43.70
27.41
8.55
-6.05
-1.04
-3.98
-10.76
1.07
7.07
7.46
8.21
7.05
-1.14
-6.16
-10.93
-18.30
-33.05
-47.29
-42.65
-15.06
-2.99
-3.94
34.62
46.77
21.04
6.48
2.37
-1.98
-9.31
-6.12
3.90
6.79
9.37
8.93
7.87
7.38
0.71
-15.05
-29.93
-34.95
-37.61
-16.51
-8.88
-16.11
-25.35
-31.27
38.37
21.47
1.78
-1.12
-7.74
-7.12
0.40
4.16
8.84
8.41
9.94
11.96
5.71
-12.29
-26.38
-32.11
-31.46
-19.68
-10.78
-11.89
-16.00
-52.37
6.33
22.53
2.69
-1.41
-4.71
-6.39
-5.63
-1.14
3.28
5.72
7.02
8.28
1.35
-6.47
-14.63
-17.22
-18.76
-7.98
2.64
5.19
4.24
1.21
26.59
18.78
-0.75
-6.13
-5.51
-10.91
-9.62
-2.43
0.41
0.50
2.68
5.91
5.92
2.39
0.42
-2.49
-3.61
11.09
17.20
16.29
28.08
38.63
33.98
10.25
-7.73
-9.65
-8.69
-14.73
-16.46
-4.93
-1.45
-2.01
-0.01
4.87
11.18
9.47
7.16
5.89
4.32
10.04
26.27
22.37
51.41
56.05
27.05
1.61
-10.26
-10.16
-9.03
-13.33
-17.43
-6.55
-1.43
-1.67
-2.04
2.82
8.27
10.74
12.08
10.50
6.32
5.50
13.64
12.94
66.69
44.17
15.95
-0.85
-8.25
-10.60
-8.08
-10.44
-9.34
-5.15
-0.54
-1.14
-2.27
-0.40
3.49
5.57
9.69
11.90
7.84
-0.63
-3.82
0.68
42.59
12.45
-0.79
5.59
-2.60
-5.45
-7.38
-5.58
-3.97
-1.61
-1.27
-0.94
0.80
1.96
0.58
1.26
8.30
12.77
8.61
0.82
-9.78
nan
18.22
-2.96
-11.51
3.89
2.66
-1.08
-3.55
-3.37
-1.39
0.50
0.34
1.03
4.93
4.76
1.46
1.84
7.24
12.43
10.59
3.28
-4.76
nan
10.57
-1.88
-9.00
4.60
5.01
3.08
2.58
2.42
1.19
1.69
1.98
0.98
4.66
4.88
2.23
0.64
3.53
9.66
10.23
10.91
5.60
nan
7.23
5.12
-1.32
3.73
5.23
5.25
4.61
4.03
2.46
3.29
2.90
2.17
1.60
0.85
-0.61
-1.59
-2.88
-1.89
1.90
nan
nan
nan
1.36
13.98
6.68
2.43
3.03
4.18
4.03
4.14
3.53
3.91
3.92
1.90
-1.00
-3.89
-3.59
-4.20
-5.00
-5.12
-3.12
-9.45
nan
nan
12.46
22.57
8.02
-1.38
-0.75
1.44
1.97
1.90
2.97
3.56
2.92
1.25
-1.81
-6.55
-8.18
-7.16
-5.87
-5.88
-7.20
-10.17
-12.47
nan
19.34
25.96
5.77
-7.69
-4.51
-0.30
-0.37
-1.36
1.78
2.15
0.93
0.18
-1.79
-6.61
-10.10
-8.28
-6.13
-6.47
-7.60
-9.86
-13.17
-12.23
36.40
21.04
4.18
-9.13
-5.73
0.02
-1.87
1.33
7.63
3.02
0.73
1.35
0.80
-6.65
-10.96
-4.91
-4.63
-6.10
-8.30
-10.48
-13.23
-13.09
