10.50
15.67
22.71
39.61
43.59
39.69
40.28
41.83
40.23
33.34
29.29
35.64
42.91
53.91
72.47
85.11
87.24
87.24
88.18
96.52
nan
nan
-7.87
-6.34
-4.18
5.27
13.33
23.76
26.45
32.72
37.42
31.43
30.07
35.46
42.25
49.65
59.03
67.74
80.13
88.84
93.89
97.57
97.27
96.52
-27.56
-27.63
-34.28
-22.23
-10.72
0.41
10.96
23.41
25.64
18.43
21.65
25.56
26.83
30.55
41.80
47.53
57.41
81.53
97.29
98.62
98.68
98.51
-34.53
-34.91
-35.84
-28.81
-19.95
-13.03
-9.37
-4.45
-11.31
-8.78
-13.58
-10.69
-5.58
-10.65
1.58
13.88
18.44
49.11
76.44
94.66
99.28
99.40
-44.00
-48.91
-46.88
-42.66
-24.70
-17.64
-18.08
-26.71
-40.24
-42.48
-43.95
-48.21
-49.45
-42.80
-36.23
-24.35
-20.61
20.06
55.26
81.95
99.83
100.13
-65.67
-61.44
-58.52
-53.33
-37.81
-23.93
-24.51
-30.11
-36.41
-39.39
-44.70
-53.07
-58.27
-50.89
-44.65
-36.85
-31.20
-10.95
22.20
52.37
83.47
86.98
-65.67
-65.67
-65.67
-60.94
-40.96
-25.30
-25.30
-27.98
-31.39
-33.19
-37.72
-43.50
-48.80
-50.07
-48.88
-43.66
-36.03
-25.80
4.71
28.97
49.08
47.79
-64.91
-65.67
-65.67
-65.67
-42.90
-26.80
-25.30
-23.44
-24.38
-26.36
-27.04
-29.96
-37.67
-42.28
-45.38
-45.31
-37.18
-19.50
6.53
29.27
41.48
46.87
-54.39
-63.91
-65.67
-54.27
-38.96
-36.48
-31.15
-20.18
-20.72
-22.00
-22.34
-22.46
-29.16
-40.90
-45.41
-48.60
-51.60
-34.65
-4.58
15.87
32.36
36.29
-51.33
-50.32
-48.42
-41.11
-38.96
-38.96
-35.72
-21.97
-13.36
-13.73
-15.13
-16.95
-32.22
-44.55
-51.50
-57.33
-63.06
-63.24
-27.86
-4.98
12.81
15.32
-50.76
-49.89
-48.39
-43.70
-39.58
-38.96
-38.96
-18.48
-4.03
-5.39
-7.61
-14.93
-31.53
-43.48
-53.89
-61.27
-75.30
-86.77
-65.77
-36.41
-18.41
-24.02
-50.27
-49.51
-49.33
-45.54
-40.93
-38.96
-37.77
-12.57
2.66
-0.39
-3.21
-10.21
-28.13
-41.16
-51.37
-65.60
-88.56
-104.49
-84.22
-63.83
-47.67
-38.63
-49.63
-49.33
-49.33
-46.81
-38.72
-34.36
-30.32
-11.04
-0.12
2.96
0.88
-5.16
-20.16
-34.23
-49.11
-66.66
-91.09
-108.79
-100.24
-61.56
-35.56
-20.78
-83.40
-49.33
-49.33
-40.71
-34.09
-31.00
-28.41
-18.94
-2.94
4.51
6.90
3.31
-3.55
-12.69
-28.49
-52.46
-73.27
-82.92
-81.40
-48.68
-23.45
-10.02
-164.95
-137.96
-43.86
-34.09
-34.09
-31.34
-28.91
-20.35
-5.95
2.93
10.49
9.04
6.82
2.98
-8.47
-32.29
-50.83
-56.53
-51.06
-27.04
-1.61
15.00
-164.95
-164.95
-78.35
-38.31
-36.32
-32.24
-29.43
-21.83
-13.09
-2.46
7.33
11.61
13.13
11.83
1.74
-8.66
-18.94
-19.54
-15.47
6.82
32.34
52.37
-143.40
-114.69
-57.08
-42.81
-40.48
-38.18
-31.70
-28.01
-18.29
-4.46
4.63
10.71
14.65
19.80
19.20
15.58
12.95
13.45
19.18
44.40
64.46
77.02
-108.36
-72.93
-44.69
-44.34
-44.31
-40.82
-33.97
-30.72
-24.59
-7.10
3.23
9.78
16.22
25.37
34.51
35.18
35.12
38.40
43.98
59.08
87.17
95.43
-77.54
-45.23
-44.85
-44.48
-41.75
-36.37
-29.25
-25.32
-23.32
-7.67
3.72
10.63
18.01
29.38
39.11
45.48
50.24
53.59
56.30
65.03
84.36
93.78
-55.81
-45.39
-45.02
-37.60
-32.09
-28.04
-20.93
-18.15
-12.12
-3.43
6.26
12.99
20.19
30.69
40.33
46.73
54.73
60.15
63.62
65.01
72.43
89.87
-72.88
-68.85
-47.16
-25.39
-21.07
-14.73
-12.79
-7.48
-2.28
3.67
8.85
15.18
25.07
33.71
39.32
46.05
56.82
64.55
65.15
66.03
66.70
nan
-94.19
-77.51
-52.07
-20.47
-10.22
-4.39
-2.97
0.29
4.80
9.91
14.18
19.94
29.53
35.33
37.70
43.26
52.50
61.52
64.83
64.31
63.50
nan
-92.67
-70.71
-45.23
-14.25
-3.37
3.48
6.48
9.80
11.43
15.08
18.90
21.86
29.18
33.56
35.18
36.53
42.68
52.33
56.88
63.50
63.50
nan
-87.71
-56.43
-32.73
-11.24
-0.45
7.50
10.40
14.03
15.45
19.45
21.98
24.10
26.16
27.49
28.66
29.85
30.60
33.46
39.23
nan
nan
nan
-82.76
-39.84
-22.04
-10.75
-0.85
7.18
11.31
16.21
19.04
21.98
24.03
24.21
22.91
21.40
22.71
24.23
25.26
26.52
29.49
23.40
nan
nan
-59.16
-21.91
-18.32
-12.20
-2.60
4.47
9.76
14.88
19.62
22.85
24.04
23.31
21.37
17.52
17.53
20.17
22.96
24.35
24.11
21.56
19.86
nan
-38.35
-13.82
-16.71
-14.48
-7.08
2.43
7.80
11.80
19.64
22.61
22.97
22.28
19.89
16.89
15.77
19.68
23.57
24.59
24.57
22.90
20.03
19.77
-11.53
-11.68
-14.44
-17.30
-9.89
0.64
2.18
10.67
22.09
22.71
23.23
23.29
21.12
16.50
15.71
24.50
26.79
26.75
25.29
23.62
20.82
19.96
