5280.95
5311.70
5336.07
5362.78
5389.56
5417.22
5438.72
5454.55
5467.01
5479.50
5490.46
5499.09
5513.49
5532.14
5551.98
5572.22
5595.38
5619.52
5649.05
5670.62
5685.15
5698.27
5277.90
5305.46
5330.21
5356.69
5382.27
5405.09
5424.17
5440.38
5455.76
5464.54
5473.08
5480.90
5494.06
5511.30
5526.70
5548.37
5576.68
5599.35
5623.14
5651.26
5674.03
5686.74
5265.46
5291.52
5315.93
5341.64
5367.03
5391.42
5409.11
5425.51
5438.38
5448.77
5456.22
5461.15
5473.03
5487.63
5501.70
5524.88
5553.58
5580.25
5604.02
5630.91
5655.13
5679.32
5248.14
5271.87
5297.46
5323.52
5350.38
5373.64
5393.95
5409.23
5418.82
5430.42
5436.83
5439.97
5451.96
5464.47
5478.96
5500.87
5526.60
5555.63
5582.68
5605.36
5629.43
5657.11
5231.59
5253.24
5275.66
5303.78
5332.77
5355.26
5376.65
5394.56
5403.42
5413.46
5419.25
5423.18
5432.35
5443.86
5456.29
5477.53
5502.80
5533.51
5561.41
5585.48
5606.06
5628.83
5212.69
5236.08
5261.85
5290.02
5316.86
5341.18
5365.80
5384.10
5393.29
5400.96
5409.03
5412.81
5417.89
5428.12
5438.95
5456.79
5483.13
5511.91
5539.64
5566.73
5587.85
5608.46
5190.07
5217.31
5247.43
5278.03
5306.65
5338.50
5364.23
5382.03
5393.00
5399.64
5405.62
5408.06
5412.51
5418.47
5426.06
5439.13
5464.88
5491.92
5516.98
5542.54
5565.72
5591.37
5172.20
5203.09
5237.49
5271.50
5305.80
5342.72
5368.89
5389.72
5404.86
5413.68
5416.38
5414.57
5414.82
5419.42
5423.70
5432.40
5451.25
5476.83
5502.48
5525.84
5550.34
5576.67
5166.91
5202.02
5239.37
5277.31
5316.04
5351.46
5382.27
5404.76
5420.88
5431.26
5432.49
5429.35
5427.45
5427.65
5428.95
5433.20
5446.62
5465.98
5489.59
5514.33
5537.36
5565.28
5168.78
5205.32
5244.02
5286.57
5330.58
5366.98
5399.92
5424.62
5439.91
5452.18
5451.09
5447.52
5444.68
5440.70
5436.33
5438.65
5447.50
5460.73
5479.21
5504.58
5532.61
5560.77
5171.30
5213.14
5253.50
5300.15
5344.89
5385.01
5420.09
5445.83
5463.48
5472.64
5473.62
5470.17
5465.84
5459.04
5452.05
5450.60
5454.20
5465.82
5483.51
5509.68
5536.46
5569.40
5175.62
5219.59
5268.35
5318.17
5361.31
5401.40
5440.06
5469.45
5487.71
5497.19
5497.85
5495.76
5493.23
5487.40
5482.13
5475.94
5473.49
5484.61
5502.88
5526.30
5550.31
5582.20
5167.04
5211.52
5271.36
5336.73
5376.77
5420.76
5465.18
5494.29
5511.57
5523.10
5526.21
5525.47
5523.96
5519.20
5514.05
5510.99
5508.82
5513.81
5528.41
5552.63
5579.91
5611.86
5148.78
5199.11
5270.48
5344.15
5397.42
5444.76
5488.17
5514.32
5532.75
5548.25
5555.61
5558.67
5558.45
5554.85
5551.46
5551.51
5553.97
5558.22
5572.56
5596.10
5625.59
5662.41
5132.73
5200.75
5273.98
5351.59
5417.87
5464.65
5505.59
5537.23
5556.65
5574.34
5584.29
5590.71
5592.92
5593.80
5595.87
5597.79
5601.86
5611.01
5625.16
5647.89
5677.68
5712.01
5134.91
5210.35
5286.86
5364.50
5435.77
5487.86
5523.78
5557.35
5581.74
5597.80
5611.97
5623.05
5629.77
5634.03
5638.25
5643.89
5650.68
5661.35
5675.20
5696.18
5724.21
5754.31
5152.29
5225.70
5312.03
5386.52
5460.06
5508.74
5544.05
5578.26
5604.58
5621.28
5638.70
5653.52
5663.15
5671.36
5678.23
5686.15
5693.98
5706.12
5719.95
5739.18
5762.57
5787.31
5183.11
5259.57
5343.04
5420.06
5487.35
5530.69
5567.45
5602.38
5626.48
5644.28
5661.73
5678.29
5691.75
5703.43
5714.80
5725.21
5735.06
5746.25
5760.76
5777.51
5795.49
5817.54
5221.69
5297.58
5379.04
5454.94
5514.96
5556.80
5591.58
5622.24
5645.95
5664.24
5682.59
5702.49
5720.99
5735.53
5747.97
5759.28
5769.83
5780.62
5792.94
5807.60
5823.94
5842.33
5257.94
5337.10
5415.55
5484.75
5540.57
5580.86
5611.18
5637.84
5662.09
5681.95
5701.75
5723.23
5742.60
5760.34
5774.38
5785.80
5796.28
5804.50
5816.99
5831.98
5848.18
5866.70
5292.62
5369.28
5450.02
5505.97
5557.72
5601.63
5629.01
5653.29
5676.17
5697.02
5718.34
5738.96
5759.03
5776.32
5792.35
5807.88
5819.69
5829.29
5840.21
5854.14
5867.86
5882.89
5318.73
5395.96
5471.19
5525.67
5573.49
5616.97
5642.71
5666.67
5689.15
5710.49
5731.40
5751.51
5770.26
5788.03
5805.51
5821.41
5834.86
5846.82
5858.45
5869.21
5879.58
5895.79
5347.48
5416.09
5488.07
5541.90
5588.09
5625.21
5651.92
5676.95
5699.78
5720.79
5742.12
5760.98
5780.88
5799.88
5817.27
5830.94
5844.02
5856.65
5867.20
5878.32
5887.48
5898.72
5369.71
5435.82
5503.35
5553.08
5595.03
5629.70
5656.82
5682.87
5706.57
5727.67
5748.81
5769.07
5790.12
5809.31
5826.64
5840.06
5852.02
5862.43
5870.19
5876.23
5881.56
5887.72
5392.11
5452.20
5511.74
5558.97
5599.21
5633.23
5660.78
5686.70
5711.84
5732.52
5754.13
5776.29
5798.51
5817.64
5833.02
5846.97
5858.99
5868.62
5875.48
5881.57
5887.72
5885.62
5412.71
5468.90
5517.42
5563.20
5603.39
5635.32
5662.91
5687.58
5713.19
5736.02
5759.74
5782.67
5806.24
5825.58
5842.09
5854.64
5866.34
5875.44
5883.08
5889.79
5894.20
5896.42
5432.81
5475.94
5522.47
5568.31
5603.32
5632.90
5662.47
5686.88
5713.17
5738.09
5764.42
5788.47
5810.71
5833.56
5849.43
5862.93
5874.82
5883.10
5890.11
5895.43
5899.38
5903.16
5443.30
5484.81
5527.14
5564.97
5597.15
5628.36
5656.95
5681.55
5708.13
5736.86
5766.94
5792.54
5815.45
5838.28
5857.37
5871.11
5881.77
5889.77
5895.82
5900.47
5904.12
5906.10
