-18.53
-4.37
3.85
12.58
18.71
25.63
30.66
32.24
30.58
30.80
31.45
32.07
36.11
41.58
49.63
57.15
66.31
76.60
90.32
95.48
97.45
98.48
-24.40
-12.04
-3.67
5.58
12.01
17.64
21.15
23.10
23.61
21.61
20.87
21.00
22.89
28.21
32.55
41.57
56.06
64.72
74.68
87.02
96.64
98.90
-34.74
-22.95
-15.37
-7.62
0.26
7.93
10.27
12.48
11.88
10.87
9.79
7.49
8.47
11.34
14.41
25.12
40.70
53.62
64.94
77.26
86.59
98.84
-44.26
-34.90
-27.78
-21.24
-13.36
-5.85
-0.73
0.39
-1.96
-2.46
-5.11
-8.89
-6.83
-4.95
-1.72
8.76
22.09
37.83
52.39
62.63
72.94
86.70
-51.06
-44.71
-40.42
-33.57
-26.73
-20.14
-15.14
-12.18
-14.90
-16.62
-20.56
-22.46
-21.84
-20.54
-18.29
-7.65
5.99
24.12
39.98
51.07
59.43
69.93
-58.07
-51.68
-45.33
-39.63
-34.48
-30.54
-25.87
-23.04
-25.90
-29.36
-31.06
-32.33
-34.40
-33.22
-31.54
-22.94
-6.92
10.38
26.82
41.70
49.37
57.74
-68.20
-60.30
-51.14
-43.95
-38.47
-32.89
-29.12
-27.55
-30.63
-33.64
-36.01
-38.00
-39.99
-42.04
-42.15
-37.00
-20.49
-3.63
11.67
26.30
34.96
44.28
-76.87
-67.35
-55.48
-47.45
-42.25
-34.74
-30.19
-27.02
-26.20
-26.94
-30.35
-35.79
-39.89
-42.36
-44.81
-42.49
-31.50
-15.94
-0.14
11.95
20.46
28.98
-76.21
-67.34
-57.98
-49.30
-42.45
-35.00
-27.29
-23.55
-20.63
-19.96
-24.85
-30.92
-36.40
-41.73
-45.57
-46.61
-41.06
-29.98
-15.42
-2.60
6.23
15.05
-73.77
-64.38
-57.84
-49.86
-42.44
-33.60
-24.26
-18.44
-15.62
-14.38
-19.49
-26.12
-32.30
-39.57
-47.49
-51.42
-49.51
-42.98
-32.42
-20.82
-9.34
-0.25
-70.59
-62.31
-55.74
-48.29
-41.67
-32.10
-22.44
-15.68
-11.75
-11.61
-15.93
-22.33
-28.74
-37.99
-48.31
-55.73
-58.24
-55.24
-45.95
-33.75
-23.34
-10.27
-74.98
-62.34
-51.89
-44.42
-39.34
-31.28
-21.04
-13.21
-8.95
-7.90
-12.24
-17.61
-24.15
-34.04
-43.91
-54.11
-64.11
-61.61
-54.02
-44.13
-34.01
-20.18
-93.33
-76.74
-57.88
-40.76
-37.68
-30.38
-19.56
-12.11
-7.19
-4.50
-7.33
-12.21
-19.01
-28.08
-38.18
-48.36
-58.03
-61.50
-57.59
-46.50
-32.58
-16.83
-118.03
-96.11
-70.38
-47.19
-36.46
-29.01
-19.09
-12.81
-6.85
-2.28
-2.47
-5.61
-11.42
-20.07
-29.20
-37.42
-43.35
-47.97
-43.79
-32.17
-14.57
6.09
-139.60
-106.69
-82.24
-55.56
-35.87
-30.22
-21.17
-13.22
-6.35
-1.23
1.65
0.63
-3.12
-8.98
-14.18
-20.01
-24.44
-24.42
-19.60
-7.36
9.17
26.89
-148.95
-112.58
-84.68
-60.84
-39.01
-30.83
-24.71
-15.44
-7.46
-1.32
4.05
5.89
6.11
3.55
0.39
-2.19
-4.31
-2.32
3.29
14.80
29.70
47.18
-147.64
-115.90
-83.67
-61.60
-39.72
-32.05
-26.19
-17.10
-8.66
-2.03
4.22
10.21
11.97
13.90
13.28
13.19
12.54
15.94
22.79
33.31
47.26
60.72
-136.44
-111.56
-78.67
-54.59
-36.59
-31.17
-25.27
-15.99
-8.13
-2.18
4.68
11.79
16.23
20.50
23.32
25.70
27.96
32.51
39.66
49.03
60.90
73.06
-128.95
-101.27
-71.90
-46.09
-31.49
-26.21
-20.22
-11.99
-5.90
-1.12
5.14
12.30
20.05
26.56
30.85
34.74
38.16
43.10
49.98
59.53
70.72
80.84
-122.50
-89.55
-60.97
-36.75
-23.84
-17.45
-12.85
-7.71
-2.78
1.73
6.80
14.13
22.46
31.09
36.85
41.16
45.04
48.25
55.78
65.64
76.25
89.19
-115.48
-81.30
-46.37
-30.98
-18.47
-9.28
-5.40
-1.91
1.69
5.28
10.12
16.12
24.27
31.74
38.75
44.79
48.52
51.78
56.53
65.21
76.48
87.18
-112.41
-74.55
-40.56
-24.37
-12.88
-3.31
0.58
3.66
6.19
9.42
13.84
18.91
24.59
30.57
36.24
41.43
45.25
49.09
54.24
61.03
68.26
79.83
-103.24
-68.83
-36.23
-18.85
-8.38
0.40
3.91
7.39
10.24
13.40
16.92
20.87
24.51
28.69
32.96
35.90
39.15
42.67
46.66
52.59
57.90
65.21
-94.94
-61.55
-31.41
-14.97
-5.67
2.25
5.79
10.00
12.99
16.16
19.08
21.93
24.56
26.64
29.27
31.44
33.48
35.35
37.33
38.67
39.51
39.96
-84.12
-53.81
-28.72
-13.18
-3.88
3.00
7.28
12.07
15.51
18.07
20.11
22.31
23.91
25.29
26.29
28.44
30.26
31.64
32.61
32.85
33.33
27.12
-71.61
-44.48
-26.34
-10.82
-1.85
3.03
7.79
12.98
16.66
19.29
21.12
22.06
23.18
24.07
25.71
27.34
28.83
30.24
31.30
31.73
32.33
30.23
-57.69
-39.77
-22.49
-6.79
-2.57
2.74
8.17
13.17
17.86
20.46
22.04
22.10
21.68
23.50
25.87
27.95
29.70
31.06
32.17
32.76
33.20
32.00
-47.93
-32.71
-18.62
-8.17
-4.15
0.63
4.05
9.35
14.46
19.69
22.50
21.94
20.32
23.14
26.67
29.41
31.42
32.85
33.59
34.10
34.05
33.05
