5298.00
5319.60
5347.01
5386.45
5412.57
5430.13
5447.82
5464.14
5476.67
5482.04
5488.30
5502.67
5520.29
5544.46
5574.81
5600.19
5616.31
5630.17
5646.92
5671.66
nan
nan
5283.54
5303.61
5325.85
5355.45
5382.63
5410.56
5429.26
5450.00
5469.57
5474.36
5482.28
5495.36
5513.42
5532.75
5553.18
5574.55
5600.75
5623.47
5642.35
5661.80
5674.67
5684.35
5263.95
5283.01
5297.02
5326.87
5355.82
5383.79
5409.80
5436.44
5452.14
5456.33
5468.07
5479.23
5491.39
5506.84
5529.08
5547.29
5570.29
5608.16
5636.36
5652.27
5667.23
5678.99
5250.30
5269.98
5289.40
5315.95
5343.79
5366.46
5385.31
5404.39
5409.46
5424.10
5428.35
5438.17
5453.21
5458.77
5482.26
5505.99
5522.95
5566.92
5606.72
5637.40
5655.77
5669.81
5233.38
5249.05
5269.19
5294.69
5334.79
5357.76
5373.72
5380.04
5378.08
5387.60
5395.86
5397.43
5404.75
5421.59
5438.36
5460.83
5476.19
5529.45
5576.68
5616.36
5646.47
5659.03
5205.08
5226.32
5248.67
5276.32
5313.54
5347.79
5367.15
5377.03
5382.78
5390.93
5395.39
5392.07
5394.02
5410.44
5425.84
5442.88
5458.85
5490.58
5535.01
5577.41
5621.95
5637.70
5192.59
5211.94
5232.90
5261.04
5304.16
5346.09
5368.05
5381.59
5392.24
5400.09
5403.91
5402.57
5403.71
5410.44
5419.33
5432.46
5449.34
5469.75
5510.02
5545.22
5579.85
5594.88
5182.05
5204.76
5227.29
5253.28
5305.15
5350.66
5373.78
5393.30
5406.69
5414.25
5419.70
5420.41
5417.04
5419.50
5423.13
5429.58
5445.57
5473.27
5509.15
5543.16
5571.37
5594.56
5157.65
5200.59
5231.68
5272.34
5319.53
5349.98
5378.41
5408.13
5420.79
5429.23
5435.00
5437.81
5434.68
5428.48
5429.11
5431.21
5436.08
5461.31
5500.43
5532.80
5563.49
5586.53
5160.26
5204.15
5253.44
5295.33
5334.05
5361.62
5388.46
5421.09
5442.17
5452.83
5455.45
5456.68
5444.76
5435.73
5432.32
5432.74
5433.95
5440.47
5483.77
5520.42
5554.75
5576.34
5169.05
5216.89
5260.85
5304.73
5346.98
5378.15
5403.56
5443.04
5471.20
5478.87
5481.94
5477.56
5463.06
5453.56
5446.47
5445.06
5437.13
5434.28
5463.69
5507.02
5541.39
5555.66
5185.76
5229.64
5270.91
5317.05
5359.72
5393.72
5423.33
5470.09
5499.32
5504.70
5506.88
5503.16
5489.25
5480.29
5474.67
5464.44
5449.04
5441.73
5472.68
5506.60
5536.65
5563.75
5206.07
5238.93
5279.91
5330.68
5375.73
5416.78
5454.43
5495.36
5518.64
5530.55
5534.42
5532.52
5522.81
5513.04
5503.12
5492.69
5475.77
5466.52
5485.76
5537.57
5576.93
5607.92
5168.71
5245.89
5291.53
5350.63
5399.79
5442.77
5478.86
5508.20
5536.66
5555.04
5564.98
5567.59
5566.33
5562.23
5552.17
5536.46
5524.04
5523.27
5534.95
5579.59
5616.71
5646.30
5057.53
5131.26
5312.36
5373.07
5419.65
5463.53
5497.85
5530.10
5557.05
5578.50
5593.12
5599.13
5602.86
5605.76
5601.58
5585.51
5575.48
5578.90
5593.69
5628.21
5668.16
5702.20
5069.06
5108.12
5279.12
5387.03
5438.46
5486.45
5519.07
5550.96
5576.11
5596.66
5615.25
5628.78
5636.79
5642.31
5639.60
5637.41
5636.05
5644.13
5656.44
5690.41
5731.13
5765.46
5115.67
5197.94
5333.37
5405.31
5459.31
5502.61
5538.54
5567.35
5594.95
5618.85
5639.11
5654.02
5665.83
5677.26
5684.15
5688.54
5694.40
5703.62
5716.34
5753.88
5787.27
5812.65
5186.09
5286.63
5377.02
5430.32
5479.62
5521.04
5558.76
5587.65
5610.02
5639.35
5660.28
5676.28
5691.74
5708.30
5725.99
5734.69
5742.22
5752.14
5765.08
5790.70
5830.79
5851.01
5261.66
5353.63
5406.08
5456.56
5504.70
5546.64
5582.55
5608.91
5628.52
5657.69
5681.17
5700.82
5718.95
5738.35
5756.24
5770.02
5781.91
5791.12
5799.27
5814.71
5844.71
5865.52
5321.45
5381.27
5431.50
5483.90
5532.32
5570.26
5603.10
5627.41
5652.75
5676.80
5701.21
5722.09
5740.33
5759.94
5777.87
5791.37
5805.97
5816.40
5824.84
5831.35
5846.52
5875.87
5325.07
5373.08
5446.10
5511.56
5555.12
5596.18
5621.63
5647.71
5672.21
5695.40
5717.07
5738.02
5759.83
5778.29
5792.92
5809.15
5828.00
5842.06
5848.83
5854.96
5858.08
nan
5318.34
5378.82
5451.59
5529.56
5576.16
5615.89
5639.16
5663.30
5687.76
5710.99
5731.74
5752.54
5775.19
5792.79
5806.97
5823.25
5842.11
5859.25
5869.03
5872.48
5874.82
nan
5339.56
5401.02
5472.50
5546.47
5593.10
5628.29
5654.49
5679.37
5700.97
5722.48
5744.10
5761.96
5785.54
5804.76
5819.50
5831.58
5847.55
5866.32
5877.43
5889.23
5893.08
nan
5360.63
5431.62
5498.63
5556.81
5600.25
5634.95
5661.44
5686.90
5709.03
5730.96
5751.70
5771.24
5791.72
5810.16
5826.03
5838.47
5849.15
5860.53
5872.09
nan
nan
nan
5380.17
5461.36
5517.81
5561.39
5602.24
5637.41
5664.81
5690.84
5715.37
5736.44
5758.05
5778.18
5797.51
5813.75
5829.44
5842.77
5853.99
5863.50
5872.36
5872.13
nan
nan
5417.70
5490.71
5525.44
5561.83
5602.64
5636.76
5664.88
5689.48
5716.15
5739.58
5762.66
5783.92
5804.43
5819.04
5833.92
5847.48
5861.50
5872.73
5881.44
5885.43
5889.28
nan
5447.74
5501.90
5528.24
5560.62
5598.81
5632.60
5662.11
5685.52
5714.95
5740.24
5765.35
5788.65
5808.92
5826.95
5839.33
5856.74
5874.03
5884.45
5891.45
5894.20
5894.05
5898.34
5479.42
5505.85
5531.32
5555.84
5591.42
5628.38
5655.08
5682.87
5715.77
5739.89
5767.67
5793.89
5816.25
5831.63
5846.42
5873.98
5887.46
5894.88
5898.20
5900.11
5899.37
5900.73
